9 0.4724047619047619 0.3275555555555556 0.07249999999999997 0.04330158730158726
9 0.46321428571428575 0.5858730158730159 0.2121190476190477 0.277047619047619
5 0.4410238095238095 0.2489206349206349 0.0746666666666667 0.07936507936507936
5 0.4832142857142857 0.1875873015873016 0.05085714285714289 0.04330158730158728
5 0.38095238095238093 0.8477777777777779 0.20995238095238097 0.28428571428571425
5 0.8684999999999999 0.8023174603174602 0.25 0.2626349206349206
5 0.9042142857142856 0.4372380952380952 0.19154761904761916 0.15006349206349204
2 0.21969047619047619 0.1616190476190476 0.15799999999999997 0.11253968253968252
8 0.7034523809523809 0.20707936507936509 0.11038095238095241 0.09666666666666665
5 0.11959523809523809 0.6637777777777777 0.23916666666666667 0.3261269841269841
8 0.6282380952380953 0.1349206349206349 0.02704761904761908 0.03031746031746031