9 0.8995925925925925 0.5970769230769231 0.09382716049382717 0.08351648351648351
9 0.7728395061728395 0.6314945054945055 0.09712345679012355 0.05861538461538453
9 0.5596666666666666 0.42637362637362636 0.06090123456790129 0.07325274725274722
9 0.6596666666666667 0.39268131868131867 0.06172839506172839 0.04982417582417586
9 0.6012345679012345 0.3076923076923077 0.040333333333333284 0.038087912087912054
9 0.5518518518518518 0.25786813186813184 0.0551481481481481 0.026373626373626374
9 0.45966666666666667 0.27472527472527475 0.022222222222222223 0.02197802197802198
9 0.9487654320987654 0.8571428571428571 0.10246913580246914 0.14065934065934066
9 0.8946543209876543 0.4146593406593406 0.2074074074074074 0.18753846153846152
9 0.5090493827160493 0.8223516483516484 0.3975308641975308 0.3552967032967032
7 0.40534567901234564 0.3230769230769231 0.09135802469135802 0.03956043956043956