9 0.9012357723577236 0.6105378973105134 0.19751219512195126 0.11073349633251839
5 0.17120325203252035 0.7147921760391198 0.2735609756097561 0.1380684596577018
7 0.5040650406504065 0.2754278728606357 0.12816260162601617 0.04459657701711494
5 0.6078373983739839 0.5141564792176039 0.5557073170731708 0.2775794621026896
5 0.19655284552845528 0.5127383863080685 0.2668617886178862 0.10787286063569683
5 0.4777560975609756 0.3343765281173594 0.1157398373983739 0.04745721271393646
5 0.37925203252032524 0.26679706601466996 0.11956097560975605 0.04745721271393642
5 0.1439512195121951 0.2703911980440098 0.1253008130081301 0.0776528117359413
5 0.19655284552845528 0.4063080684596577 0.3012845528455284 0.09635696821515885
5 0.1578211382113821 0.8988997555012225 0.20660162601626017 0.1927139364303177
2 0.6408455284552845 0.17403422982885086 0.13582113821138206 0.05178484107579464
2 0.8149268292682926 0.22508557457212713 0.202780487804878 0.07334963325183375
2 0.9586341463414634 0.2639119804400978 0.08273170731707334 0.03308068459657702