9 0.47174999999999995 0.4701953125 0.054625000000000055 0.04917968750000001
9 0.611575 0.418125 0.06574999999999996 0.05496093749999997
9 0.407875 0.8412890625 0.05832499999999996 0.09113281249999994
5 0.20647500000000002 0.588125 0.36667500000000003 0.27054687499999996
9 0.131475 0.5844921875 0.11109999999999999 0.07234374999999993
9 0.41945 0.4709375 0.037025 0.0390625
5 0.8212999999999999 0.661171875 0.3574000000000001 0.3240624999999999
5 0.916675 0.44125 0.14629999999999996 0.11285156250000006
5 0.71435 0.3884375 0.13610000000000014 0.09984375000000001
5 0.542125 0.4615234375 0.07314999999999998 0.11285156249999995
5 0.67315 0.295859375 0.10925000000000004 0.047734374999999996
8 0.914825 0.268359375 0.16297499999999984 0.09113281250000002