9 0.612025 0.6786542056074766 0.19711250000000008 0.1063925233644859
9 0.6447125 0.5456448598130842 0.14134999999999998 0.08196261682242995
9 0.775475 0.5097009345794392 0.09711250000000007 0.08770093457943923
9 0.9322125 0.5255140186915888 0.09518750000000012 0.05895327102803732
9 0.7908625 0.6261682242990654 0.10672500000000014 0.07332710280373834
9 0.6115375000000001 0.8677196261682243 0.13268750000000004 0.09633644859813077
9 0.8778874999999999 0.7174766355140187 0.16346249999999998 0.06900934579439244
9 0.8923125000000001 0.8274579439252336 0.07692499999999995 0.061831775700934656
9 0.3091375 0.5974205607476636 0.12788750000000004 0.08770093457943917
9 0.1798125 0.6398317757009346 0.07692500000000001 0.06039252336448609
9 0.118275 0.801588785046729 0.05768750000000001 0.11071028037383181
9 0.312975 0.9586542056074766 0.15864999999999999 0.08267289719626171
9 0.3721125 0.7282616822429907 0.10768749999999998 0.11358878504672894
9 0.419225 0.4399626168224299 0.08268749999999997 0.06039252336448599
9 0.6956749999999999 0.4414018691588785 0.13942499999999997 0.051757009345794386
9 0.399525 0.32422429906542055 0.07596249999999997 0.0359439252336449
9 0.539425 0.3220747663551402 0.09231250000000003 0.046018691588785056
9 0.8043250000000001 0.32781308411214954 0.3663499999999999 0.08914018691588785
9 0.34952500000000003 0.2559252336448598 0.064425 0.023009345794392528
9 0.25239999999999996 0.26097196261682243 0.052887500000000004 0.021570093457943963
9 0.21586249999999998 0.5061121495327102 0.06442500000000002 0.04887850467289715
9 0.34135 0.49603738317757007 0.13461249999999997 0.04887850467289715
9 0.8908625000000001 0.5894953271028037 0.07403750000000002 0.0718878504672898
9 0.8302875000000001 0.41553271028037386 0.12596249999999998 0.046018691588785056
9 0.28364999999999996 0.33573831775700935 0.06346249999999998 0.04457943925233649
9 0.355775 0.3544299065420561 0.04807500000000005 0.03882242990654202