9 0.17896666666666666 0.8347337278106508 0.06586666666666668 0.12819526627218947
9 0.28175 0.671301775147929 0.10476666666666669 0.09437869822485201
9 0.37183333333333335 0.82698224852071 0.07698333333333333 0.12115384615384629
9 0.36111666666666664 0.5565088757396449 0.1301666666666666 0.11272189349112433
9 0.4388833333333333 0.4254733727810651 0.04126666666666665 0.053550295857988234
9 0.49445 0.4529585798816568 0.05555000000000007 0.10565088757396443
9 0.6027833333333333 0.41843195266272193 0.0674666666666667 0.045088757396449734
9 0.4623 0.34940828402366864 0.03413333333333336 0.042278106508875715
9 0.43413333333333337 0.729792899408284 0.14761666666666662 0.11272189349112424
5 0.5900833333333334 0.6628698224852071 0.16428333333333342 0.2888165680473373
5 0.5496 0.3282544378698225 0.11666666666666667 0.07044378698224853
9 0.41784999999999994 0.33952662721893495 0.034133333333333314 0.022544378698224867
9 0.33413333333333334 0.3423372781065089 0.05080000000000003 0.022544378698224867
2 0.8460333333333333 0.38671597633136096 0.30793333333333334 0.2747337278106509
2 0.10991666666666668 0.43041420118343193 0.21983333333333335 0.20147928994082834