5 0.5768888888888889 0.5118958333333333 0.050597222222222155 0.026791666666666696
5 0.5932499999999999 0.46875 0.05555555555555555 0.04762500000000003
5 0.49156944444444445 0.47097916666666667 0.05456944444444439 0.055062500000000014
8 0.5523194444444445 0.41318750000000004 0.03795833333333339 0.04583333333333333
5 0.5918333333333333 0.421875 0.03273611111111118 0.03422916666666668
4 0.5 0.828125 1 0.34375
8 0.432875 0.5604166666666667 0.13240277777777784 0.12083333333333333
2 0.7453749999999999 0.5097291666666667 0.17777777777777778 0.15556250000000002
2 0.18055555555555555 0.5159791666666667 0.3611111111111111 0.15693749999999998
2 0.40694444444444444 0.4263958333333333 0.08426388888888883 0.055562500000000035
2 0.4884305555555556 0.4 0.07129166666666673 0.0472291666666667