9 0.6704545454545454 0.3161200923787529 0.09090909090909091 0.04041570438799076
9 0.6221558441558441 0.36808314087759814 0.059259740259740255 0.04330254041570439
9 0.6213506493506493 0.5311778290993071 0.04464935064935064 0.057736720554272515
9 0.49757142857142855 0.5737644341801386 0.08928571428571429 0.07651270207852193
9 0.4115324675324675 0.6661431870669746 0.16558441558441558 0.11981524249422632
9 0.6814155844155845 0.6748036951501155 0.2021168831168832 0.10826789838337181
9 0.6972467532467532 0.8559584295612009 0.16883116883116883 0.19341801385681293
9 0.36972727272727274 0.4416859122401848 0.046272727272727264 0.04041570438799076
9 0.05763636363636363 0.4561200923787529 0.10714285714285714 0.057736720554272515
9 0.5300389610389611 0.3038337182448037 0.048701298701298704 0.02743648960739029
9 0.7313376623376623 0.4344803695150115 0.04383116883116883 0.028868360277136258
9 0.5844155844155844 0.24683602771362587 0.045454545454545456 0.037528868360277134
8 0.45332467532467535 0.45972286374133947 0.09335064935064935 0.12558891454965357
8 0.12207792207792208 0.8475750577367206 0.24415584415584415 0.30484988452655887
8 0.5677792207792208 0.331986143187067 0.04301298701298702 0.05484988452655889
8 0.6262207792207792 0.26704387990762124 0.021922077922077916 0.03175519630484989
8 0.2844935064935065 0.3110623556581986 0.08361038961038961 0.04473441108545036
8 0.4042207792207792 0.2540415704387991 0.04383116883116883 0.028868360277136258
8 0.4768701298701299 0.2251732101616628 0.03328571428571428 0.02020785219399538
8 0.5284155844155844 0.20064665127020784 0.022727272727272728 0.017321016166281754
8 0.6578701298701298 0.23166281755196305 0.018675324675324668 0.024549653579676665
8 0.6793896103896104 0.2064203233256351 0.012987012987012988 0.014434180138568129
8 0.5645324675324676 0.18621247113163972 0.017051948051948047 0.017321016166281754