9 0.4416504854368932 0.7274146341463414 0.14278317152103562 0.0975609756097561
9 0.5239805825242718 0.8529512195121951 0.09804207119741105 0.0789024390243903
9 0.694368932038835 0.8766097560975611 0.09423948220064726 0.12912195121951206
9 0.6129773462783171 0.5853658536585366 0.0932847896440129 0.066
9 0.36454692556634305 0.4985609756097561 0.06663430420711976 0.04160975609756098
9 0.4944822006472491 0.40387804878048783 0.0789967637540454 0.05882926829268294
7 0.2860194174757281 0.5681463414634146 0.16276699029126215 0.08321951219512196
5 0.2769902912621359 0.3902439024390244 0.32553398058252425 0.1664390243902439
5 0.8507443365695793 0.673609756097561 0.298495145631068 0.1420487804878049
8 0.5844336569579288 0.22165853658536586 0.05330097087378631 0.04160975609756098
8 0.6358252427184466 0.21807317073170732 0.055210355987055024 0.03156097560975609