9 0.5164835164835165 0.3233333333333333 0.07032967032967033 0.03333333333333333
5 0.3191648351648352 0.7253666666666667 0.6345054945054944 0.5492666666666666
9 0.34725274725274724 0.5983333333333334 0.41318681318681316 0.33666666666666667
2 0.8874725274725275 0.2876666666666667 0.225032967032967 0.32610000000000006
2 0.1835164835164835 0.09666666666666666 0.367032967032967 0.1
8 0.9098901098901099 0.7583333333333333 0.18021978021978022 0.48333333333333334
8 0.613956043956044 0.10433333333333332 0.060197802197802165 0.08406666666666665
2 0.7161978021978022 0.1471 0.11562637362637365 0.13190000000000002
2 0.4386153846153846 0.05723333333333334 0.1261318681318681 0.03333333333333333
5 0.5709450549450549 0.25506666666666666 0.1672307692307693 0.09856666666666665
5 0.3893846153846154 0.34493333333333337 0.1786813186813187 0.15943333333333337