9 0.38 0.8216666666666667 0.13777777777777778 0.09666666666666666
9 0.4855555555555556 0.755 0.08222222222222222 0.056666666666666664
9 0.2577777777777778 0.61 0.13333333333333333 0.08
9 0.43444444444444447 0.59 0.06888888888888889 0.04666666666666667
9 0.5622222222222222 0.5966666666666667 0.08 0.03333333333333333
9 0.6911111111111111 0.59 0.04888888888888889 0.03333333333333333
9 0.57 0.5733333333333334 0.11777777777777777 0.02666666666666667
9 0.4288888888888889 0.49333333333333335 0.08444444444444445 0.04666666666666667
9 0.19177777777777777 0.4797666666666667 0.035555555555555556 0.023333333333333334
9 0.30333333333333334 0.5 0.06444444444444444 0.04
9 0.35555555555555557 0.44166666666666665 0.03111111111111111 0.023333333333333334
9 0.8066666666666666 0.7666666666666667 0.19555555555555557 0.1
2 0.7855555555555556 0.39166666666666666 0.4288888888888889 0.08333333333333333
2 0.38984444444444444 0.33116666666666666 0.10917777777777776 0.06523333333333331
5 0.6014444444444444 0.8427666666666667 0.14588888888888885 0.2623333333333333
5 0.27053333333333335 0.4116 0.12946666666666667 0.08406666666666666