9 0.40171990171990174 0.5566666666666666 0.29238329238329236 0.10666666666666667
9 0.29975429975429974 0.4533333333333333 0.14250614250614252 0.1
9 0.1375921375921376 0.5033333333333333 0.09828009828009827 0.04
9 0.20884520884520885 0.6466666666666666 0.26044226044226043 0.16666666666666666
9 0.4238329238329238 0.785 0.48402948402948404 0.11666666666666667
9 0.800982800982801 0.715 0.3931203931203931 0.24333333333333335
9 0.8452088452088452 0.9433333333333334 0.09828009828009827 0.10666666666666667
9 0.9275184275184275 0.49333333333333335 0.11056511056511056 0.03333333333333333
9 0.8230958230958231 0.5666666666666667 0.1769041769041769 0.11333333333333333
9 0.7383292383292384 0.485 0.21867321867321868 0.05
9 0.6121130221130221 0.4449333333333333 0.14955773955773957 0.0463666666666667
2 0.842850122850123 0.4065333333333333 0.27132678132678123 0.07679999999999998
2 0.6035626535626536 0.3434666666666667 0.20724815724815718 0.09566666666666662
2 0.1565110565110565 0.36593333333333333 0.2852334152334152 0.03623333333333335
2 0.34771498771498777 0.34926666666666667 0.0972235872235872 0.03189999999999998
2 0.4331695331695332 0.3282666666666667 0.07371007371007371 0.05073333333333333