9 0.47 0.8848314606741573 0.36666666666666664 0.1404494382022472
9 0.295 0.6235955056179775 0.19 0.06179775280898876
9 0.6083333333333333 0.5632022471910112 0.17666666666666667 0.05898876404494382
9 0.58 0.4606741573033708 0.10666666666666667 0.033707865168539325
9 0.46166666666666667 0.45365168539325845 0.11 0.025280898876404494
9 0.5366666666666666 0.38202247191011235 0.12666666666666668 0.02247191011235955
9 0.7158333333333333 0.4669943820224719 0.13833333333333334 0.06601123595505617
9 0.7158333333333333 0.3672752808988764 0.09833333333333333 0.060393258426966294
9 0.9483333333333334 0.42696629213483145 0.10333333333333333 0.028089887640449437
9 0.26166666666666666 0.363061797752809 0.10666666666666667 0.032303370786516857
9 0.08333333333333333 0.49859550561797755 0.11 0.056179775280898875
8 0.2791666666666667 0.29985955056179775 0.12166666666666667 0.07162921348314606
8 0.08916666666666667 0.3848314606741573 0.17833333333333334 0.12078651685393259
2 0.86 0.29985955056179775 0.28 0.060393258426966294
2 0.6241666666666666 0.27036516853932585 0.195 0.04915730337078652
2 0.10916666666666666 0.2773876404494382 0.21833333333333332 0.046348314606741575