9 0.7294007490636704 0.9033333333333333 0.14794007490636704 0.13333333333333333
5 0.5455056179775281 0.7869666666666667 0.42176029962546824 0.28116666666666656
9 0.5243445692883895 0.82 0.06741573033707865 0.06
9 0.3801498127340824 0.6516666666666666 0.0299625468164794 0.03666666666666667
5 0.25117977528089885 0.6775333333333333 0.1848314606741573 0.13766666666666671
9 0.3389513108614232 0.6566666666666666 0.0299625468164794 0.02666666666666667
8 0.8488764044943821 0.40363333333333334 0.30222846441947565 0.07390000000000005
2 0.5581273408239701 0.34926666666666667 0.2776404494382022 0.08116666666666665
8 0.29595505617977524 0.4427666666666667 0.1848314606741573 0.04783333333333336
2 0.5687265917602996 0.279 0.3346441947565542 0.03333333333333333
2 0.10136704119850187 0.27680000000000005 0.19295880149812736 0.026100000000000043