9 0.46375 0.58 0.1925 0.25333333333333335
9 0.47125 0.3233333333333333 0.0575 0.04
5 0.122825 0.6724666666666667 0.24565 0.3333333333333333
2 0.181525 0.1862333333333333 0.36305 0.14926666666666666
8 0.71575 0.2152333333333333 0.07935000000000002 0.0884
5 0.461425 0.25943333333333335 0.12935000000000002 0.07536666666666662
5 0.46575000000000005 0.16376666666666667 0.08805000000000007 0.07246666666666665
8 0.627725 0.13696666666666668 0.04457499999999996 0.03333333333333333
5 0.7934749999999999 0.8137666666666666 0.4130500000000001 0.3724666666666667
5 0.398375 0.8529 0.251075 0.29419999999999996
2 0.6875 0.0645 0.09022500000000008 0.04783333333333334
2 0.406525 0.07100000000000001 0.02825000000000003 0.046366666666666674
5 0.90325 0.42899999999999994 0.19347499999999995 0.16810000000000003