9 0.3433333333333333 0.46 0.08666666666666667 0.04
8 0.2787 0.3764 0.03146666666666666 0.13055000000000003
5 0.4379666666666666 0.358325 0.2907333333333334 0.16945000000000005
9 0.3333333333333333 0.41875 0.06 0.0275
9 0.32 0.62125 0.06666666666666667 0.0325
9 0.2833333333333333 0.72125 0.09333333333333334 0.0425
9 0.43666666666666665 0.79875 0.21333333333333335 0.1375
9 0.8666666666666667 0.66 0.05333333333333334 0.05
9 0.645 0.69125 0.056666666666666664 0.0525
9 0.5283333333333333 0.41875 0.05 0.0225
9 0.7666666666666667 0.38375 0.14666666666666667 0.0375
9 0.9116666666666666 0.435 0.043333333333333335 0.025
9 0.8616666666666667 0.46125 0.043333333333333335 0.0225
9 0.9583333333333334 0.54 0.07666666666666666 0.025
9 0.9433333333333334 0.51125 0.06 0.0175
9 0.675 0.57625 0.06333333333333334 0.0275
9 0.73 0.62 0.04 0.025
9 0.6116666666666667 0.93875 0.11666666666666667 0.1175
9 0.06666666666666667 0.23957499999999998 0.04813333333333333 0.02082500000000003
5 0.3509333333333333 0.235425 0.12036666666666672 0.06805
9 0.3852 0.5118 0.04813333333333333 0.0375
9 0.12036666666666666 0.21109999999999998 0.04813333333333333 0.027775000000000036
9 0.16943333333333332 0.19305 0.042600000000000006 0.022224999999999967