9 0.05722326454033771 0.455 0.11069418386491557 0.07
9 0.36679174484052535 0.43833333333333335 0.05065666041275797 0.043333333333333335
9 0.575046904315197 0.24666666666666667 0.08442776735459662 0.06
9 0.6679174484052532 0.31 0.0900562851782364 0.03333333333333333
9 0.626641651031895 0.36833333333333335 0.0525328330206379 0.03
9 0.5281425891181989 0.30333333333333334 0.05065666041275797 0.03333333333333333
9 0.49530956848030017 0.57 0.08630393996247655 0.06666666666666667
9 0.40619136960600377 0.6583333333333333 0.15947467166979362 0.11
9 0.6228893058161351 0.53 0.0450281425891182 0.03333333333333333
9 0.6782363977485929 0.6616666666666666 0.20075046904315197 0.09
9 0.699812382739212 0.85 0.17636022514071295 0.18666666666666668
9 0.7495309568480301 0.54 0.12195121951219512 0.1
9 0.4078611632270169 0.2804333333333333 0.02772983114446524 0.015933333333333338
8 0.2846904315196998 0.3152333333333333 0.09461538461538463 0.05943333333333328
8 0.1275797373358349 0.8416666666666667 0.2551594746716698 0.31
8 0.45108818011257035 0.4666666666666667 0.09787992495309566 0.11303333333333328
8 0.5685553470919325 0.33766666666666667 0.04405253283302067 0.06956666666666668
8 0.6277110694183865 0.2681 0.03018761726078805 0.040566666666666626
8 0.6578799249530957 0.23189999999999997 0.01876172607879925 0.03189999999999998
8 0.679906191369606 0.2087 0.010600375234521533 0.02610000000000002
8 0.6954033771106941 0.19276666666666667 0.010600375234521533 0.020300000000000012
8 0.4086866791744841 0.25653333333333334 0.04405253283302067 0.03189999999999998
8 0.4776172607879925 0.22319999999999998 0.03996247654784237 0.023200000000000002
8 0.5245215759849906 0.20363333333333333 0.016322701688555433 0.024633333333333313
8 0.5661163227016885 0.18623333333333333 0.02283302063789861 0.024633333333333337
2 0.1350844277673546 0.22666666666666666 0.2701688555347092 0.07333333333333333
2 0.3711632270168856 0.1913 0.18435272045028142 0.07536666666666664
2 0.5200187617260789 0.15073333333333333 0.10033771106941843 0.04346666666666664
8 0.07178236397748593 0.3971 0.10930581613508444 0.05216666666666669
9 0.7398686679174484 0.4601333333333333 0.07178236397748591 0.062333333333333296
5 0.7810506566604127 0.35723333333333335 0.06771106941838655 0.14056666666666662