9 0.40476190476190477 0.5866666666666667 0.27976190476190477 0.15333333333333332
8 0.48136904761904764 0.14636666666666664 0.031041666666666686 0.040566666666666674
9 0.4806547619047619 0.11 0.050595238095238096 0.02666666666666667
9 0.3913690476190476 0.10166666666666667 0.05654761904761905 0.016666666666666666
5 0.6165773809523809 0.3152333333333333 0.49300595238095246 0.1347666666666667
5 0.6670535714285715 0.16233333333333333 0.15398809523809526 0.12173333333333337
7 0.8048511904761905 0.12463333333333333 0.10351190476190468 0.037666666666666654
8 0.4438392857142857 0.8311666666666666 0.0828273809523809 0.3376666666666667
8 0.4768452380952381 0.31810000000000005 0.03752976190476195 0.13766666666666671
5 0.3144345238095238 0.3021666666666667 0.06988095238095235 0.05653333333333336
5 0.049166666666666664 0.30143333333333333 0.06470238095238096 0.08406666666666666