9 0.35894444444444445 0.3878947368421053 0.068 0.03759398496240601
9 0.5400972222222222 0.4254887218045113 0.08686111111111106 0.044436090225563885
9 0.6600277777777778 0.42721804511278194 0.0640972222222222 0.04785714285714282
9 0.43595833333333334 0.4716165413533835 0.04776388888888887 0.04785714285714282
9 0.4875 0.48120300751879697 0.07222222222222222 0.03759398496240601
9 0.25972222222222224 0.5018796992481203 0.08055555555555556 0.04887218045112782
9 0.35515277777777776 0.5075187969924813 0.10586111111111107 0.051278195488721756
9 0.38125 0.5883458646616542 0.0875 0.03383458646616541
9 0.675 0.6127819548872181 0.07777777777777778 0.045112781954887216
9 0.7256944444444444 0.6616541353383458 0.0625 0.03759398496240601
9 0.5368055555555555 0.6973684210526315 0.1125 0.04887218045112782
9 0.7409722222222223 0.7593984962406015 0.0625 0.045112781954887216
9 0.4236111111111111 0.7763157894736842 0.21666666666666667 0.05639097744360902
9 0.6347638888888889 0.8304887218045113 0.17772222222222228 0.12304511278195496
9 0.2652777777777778 0.8421052631578947 0.13333333333333333 0.09022556390977443
9 0.47152777777777777 0.9229323308270677 0.21805555555555556 0.11654135338345864
9 0.8875 0.9323308270676691 0.2222222222222222 0.12781954887218044