9 0.3075234521575985 0.7498666666666667 0.29675422138836777 0.16636666666666675
9 0.5707692307692308 0.754 0.18859287054409002 0.16796666666666663
9 0.7704502814258911 0.7899333333333332 0.11941838649155719 0.1378333333333333
9 0.5130956848030019 0.33986666666666665 0.4617073170731708 0.09130000000000005
9 0.6106941838649156 0.2916666666666667 0.03189493433395872 0.03666666666666667
9 0.959249530956848 0.4753666666666667 0.08148217636022516 0.10723333333333339
9 0.9796435272045028 0.7992666666666667 0.040712945590994455 0.1347666666666667
9 0.594671669793621 0.2761 0.08810506566604134 0.03043333333333332
9 0.6994934333958724 0.2819 0.12153846153846148 0.03333333333333333
9 0.11542213883677299 0.3326 0.23084427767354598 0.10580000000000003
5 0.8283677298311445 0.4355 0.1819136960600376 0.08549999999999996
5 0.3107879924953096 0.15506666666666669 0.06035647279549722 0.037666666666666654