9 0.26697892271662765 0.6083333333333333 0.20608899297423888 0.11666666666666667
9 0.4953161592505855 0.705 0.16159250585480095 0.11666666666666667
9 0.3618266978922717 0.8716666666666667 0.13817330210772832 0.15666666666666668
9 0.7353629976580797 0.9666666666666667 0.11241217798594848 0.06
9 0.17798594847775176 0.5016666666666667 0.07962529274004684 0.056666666666666664
9 0.08782201405152225 0.475 0.08665105386416862 0.05
9 0.3629976580796253 0.44666666666666666 0.13114754098360656 0.05333333333333334
9 0.25175644028103045 0.445 0.07728337236533958 0.03666666666666667
9 0.23770491803278687 0.40166666666666667 0.04449648711943794 0.03
9 0.7564402810304449 0.5033333333333333 0.08899297423887588 0.03333333333333333
9 0.9637002341920374 0.53 0.06791569086651054 0.07333333333333333
9 0.2576112412177986 0.3304333333333333 0.07126463700234194 0.028999999999999963
9 0.35433255269320846 0.3405666666666667 0.050913348946135854 0.040566666666666626
5 0.16697892271662762 0.3369666666666667 0.09571428571428572 0.16086666666666663
5 0.5366042154566745 0.31013333333333337 0.21789227166276345 0.13913333333333336
5 0.4775409836065574 0.2 0.14459016393442625 0.06376666666666665
9 0.7590866510538642 0.35363333333333336 0.04988290398126453 0.03476666666666669
9 0.42510538641686185 0.5811666666666666 0.0702576112412178 0.06376666666666665