5 0.6481333333333333 0.49748110831234255 0.27406666666666674 0.10496221662468518
9 0.565 0.42065491183879095 0.13 0.060453400503778336
9 0.45666666666666667 0.3589420654911839 0.10666666666666667 0.042821158690176324
9 0.42833333333333334 0.3110831234256927 0.13666666666666666 0.05793450881612091
9 0.3016666666666667 0.3866498740554156 0.15 0.06801007556675064
9 0.72 0.345088161209068 0.06 0.02518891687657431
9 0.5092666666666666 0.732015113350126 0.39853333333333335 0.3456423173803527
5 0.8574 0.8043576826196474 0.2851999999999999 0.3912594458438288
8 0.8148 0.16513853904282116 0.36666666666666664 0.09516372795969774
5 0.4703666666666667 0.20360201511335013 0.15556666666666671 0.1273551637279597
2 0.21760000000000002 0.13924433249370277 0.13890000000000002 0.05738035264483628
5 0.1537 0.23090680100755667 0.3074 0.08957178841309824
5 0.08426666666666667 0.3680352644836272 0.16853333333333334 0.17352644836272038