9 0.7194719471947195 0.545 0.13861386138613863 0.12333333333333334
9 0.19636963696369636 0.265 0.35313531353135313 0.24333333333333335
9 0.07920792079207921 0.105 0.15841584158415842 0.05
9 0.5924092409240924 0.18666666666666668 0.22112211221122113 0.08
9 0.8399339933993399 0.25 0.2079207920792079 0.07333333333333333
9 0.07590759075907591 0.6283333333333333 0.13861386138613863 0.21
9 0.8981848184818481 0.3971 0.2036303630363037 0.11303333333333328
9 0.4283168316831683 0.8521666666666667 0.36303630363036304 0.29566666666666663
2 0.6141584158415841 0.06956666666666667 0.34726072607260716 0.11013333333333333
2 0.8931683168316832 0.17099999999999999 0.2136633663366337 0.09856666666666665
8 0.30062706270627065 0.023200000000000002 0.09039603960396035 0.0319