9 0.2354596622889306 0.7016666666666667 0.07692307692307693 0.09
9 0.38649155722326456 0.615 0.18386491557223264 0.17
9 0.49624765478424016 0.9 0.17823639774859287 0.15333333333333332
9 0.6013133208255159 0.5833333333333334 0.043151969981238276 0.04
9 0.5431519699812383 0.25666666666666665 0.07692307692307693 0.02666666666666667
9 0.5359287054409005 0.49856666666666666 0.07667917448405254 0.04636666666666675
5 0.29529080675422137 0.4094333333333333 0.18435272045028142 0.15216666666666667
5 0.09787992495309569 0.6601333333333333 0.19088180112570352 0.2130333333333334
5 0.25422138836772984 0.8883333333333333 0.2945590994371482 0.22333333333333333
5 0.7936210131332082 0.9016666666666666 0.41275797373358347 0.19
5 0.46577861163227013 0.26376666666666665 0.075046904315197 0.13623333333333335