9 0.19574944071588368 0.5016666666666667 0.10067114093959731 0.056666666666666664
9 0.24608501118568232 0.615 0.14317673378076062 0.12333333333333334
9 0.7863534675615212 0.61 0.2214765100671141 0.11333333333333333
9 0.843400447427293 0.77 0.058165548098434 0.03333333333333333
9 0.843400447427293 0.8733333333333333 0.1029082774049217 0.11333333333333333
9 0.7170022371364653 0.7583333333333333 0.12751677852348994 0.09666666666666666
9 0.7324161073825503 0.4449333333333333 0.06225950782997772 0.040566666666666674
9 0.5398210290827741 0.3847666666666667 0.0447427293064877 0.027533333333333302
9 0.6113199105145414 0.6050666666666668 0.08657718120805373 0.08839999999999994
5 0.4464653243847875 0.5521666666666667 0.24123042505592837 0.16523333333333332
9 0.8360178970917226 0.4797 0.047651006711409295 0.055066666666666604