9 0.5164141414141414 0.36666666666666664 0.08838383838383838 0.03333333333333333
9 0.48737373737373735 0.33 0.06060606060606061 0.03333333333333333
9 0.4305555555555556 0.30333333333333334 0.05303030303030303 0.02
9 0.4722222222222222 0.45666666666666667 0.08585858585858586 0.02666666666666667
9 0.5303030303030303 0.5083333333333333 0.16666666666666666 0.06333333333333334
9 0.6325757575757576 0.65 0.3207070707070707 0.14666666666666667
9 0.4797979797979798 0.8433333333333334 0.11616161616161616 0.08
9 0.6856060606060606 0.9316666666666666 0.16414141414141414 0.13
5 0.8024747474747475 0.44129999999999997 0.3950252525252526 0.2652333333333333
2 0.10858585858585859 0.2633333333333333 0.21717171717171718 0.22666666666666666
5 0.2986363636363637 0.3340666666666667 0.14931818181818185 0.21013333333333337
5 0.10595959595959595 0.6963666666666667 0.21189393939393938 0.6072333333333334
5 0.3112626262626263 0.7282666666666666 0.20530303030303027 0.5434666666666668
2 0.8683585858585858 0.21593333333333334 0.2632828282828283 0.09856666666666665
2 0.6406565656565656 0.16303333333333334 0.19214646464646473 0.07390000000000001