9 0.5338541666666666 0.48115079365079366 0.11284722222222222 0.00992063492063492
9 0.5518353174603174 0.5042989417989417 0.08928571428571429 0.023148148148148147
9 0.5264136904761905 0.48032407407407407 0.04836309523809524 0.021494708994708994
9 0.6733630952380952 0.6125992063492064 0.11160714285714286 0.04794973544973545
4 0.5 0.8215939153439153 1 0.3568121693121693
5 0.10540674603174603 0.4340277777777778 0.21081349206349206 0.06448412698412699
5 0.3726438492063492 0.5051256613756614 0.26413690476190477 0.05125661375661376
5 0.2777777777777778 0.382771164021164 0.04712301587301587 0.028108465608465607
2 0.05580357142857143 0.36651124338624336 0.05042906746031747 0.03196759259259262
2 0.14260912698412698 0.34226190476190477 0.032242063492063495 0.016534391534391533
5 0.4406423611111111 0.4083994708994709 0.04133680555555557 0.027556216931216907