4 0.49975198412698413 0.847635582010582 0.9995039682539683 0.304728835978836
9 0.20047867063492064 0.7727083333333333 0.04712301587301587 0.03306878306878307
9 0.06696428571428571 0.6740509259259259 0.06779017857142855 0.023148148148148147
5 0.40716021825396825 0.6872784391534391 0.17113095238095238 0.18408399470899472
5 0.3559027777777778 0.585869708994709 0.3943452380952381 0.08046626984126981
6 0.6774975198412698 0.47453703703703703 0.027281746031746032 0.01874007936507939
2 0.28811259920634924 0.46296296296296297 0.050429067460317445 0.02866071428571431
2 0.8515203373015873 0.5015443121693122 0.28108382936507936 0.05731812169312167
8 0.7589285714285714 0.6619279100529101 0.10582093253968256 0.06062499999999998
8 0.5675421626984127 0.5313062169312169 0.040508432539682525 0.02866071428571431
8 0.5138070436507937 0.49933862433862436 0.022321428571428572 0.015433201058201082
8 0.47867063492063494 0.478396164021164 0.011574900793650813 0.011021825396825374
8 0.188077876984127 0.552800925925926 0.060349702380952365 0.02976190476190476
8 0.25297619047619047 0.509811507936508 0.02645585317460319 0.020942460317460294
9 0.26785714285714285 0.7936507936507936 0.06944444444444445 0.05952380952380952