9 0.46716697936210133 0.15333333333333332 0.12382739212007504 0.13333333333333333
9 0.6707317073170732 0.14833333333333334 0.10318949343339587 0.08333333333333333
5 0.6619699812382739 0.6268 0.6321951219512194 0.7463666666666667
9 0.40337711069418386 0.62 0.05628517823639775 0.05333333333333334
9 0.9024390243902439 0.815 0.17636022514071295 0.15
9 0.6801125703564728 0.87 0.2045028142589118 0.16666666666666666
8 0.2524765478424015 0.3587 0.5000375234521576 0.1319
5 0.7892120075046903 0.22680000000000003 0.1557973733583489 0.1956666666666667
5 0.19699812382739212 0.6738999999999999 0.3809380863039399 0.3072333333333334
5 0.7680112570356473 0.07100000000000001 0.46251407129455907 0.10723333333333333
5 0.35932457786116323 0.05143333333333333 0.345046904315197 0.06523333333333334