9 0.4491150442477876 0.7266666666666667 0.15486725663716813 0.09333333333333334
9 0.5243362831858407 0.8433333333333334 0.09734513274336283 0.08666666666666667
9 0.6946902654867256 0.865 0.09734513274336283 0.11
9 0.6238938053097345 0.5783333333333334 0.10176991150442478 0.056666666666666664
5 0.33858407079646013 0.4152333333333333 0.43862831858407075 0.16086666666666663
9 0.37057522123893805 0.49166666666666664 0.05088495575221239 0.03
7 0.2880973451327434 0.5688333333333333 0.15871681415929206 0.07970000000000009
8 0.5886946902654867 0.22390000000000002 0.05579646017699121 0.05073333333333333
8 0.6382300884955753 0.22246666666666665 0.05674778761061942 0.03913333333333334
5 0.46747787610619473 0.5703 0.18661504424778766 0.17826666666666674
5 0.8352212389380531 0.6674 0.3295575221238939 0.12609999999999993
5 0.858783185840708 0.8724666666666667 0.2824115044247787 0.2550666666666666