9 0.3433333333333333 0.46 0.08666666666666667 0.04
9 0.3333333333333333 0.41875 0.06 0.0275
9 0.32 0.62125 0.06666666666666667 0.0325
9 0.2833333333333333 0.72125 0.09333333333333334 0.0425
9 0.43666666666666665 0.79875 0.21333333333333335 0.1375
9 0.8666666666666667 0.66 0.05333333333333334 0.05
9 0.645 0.69125 0.056666666666666664 0.0525
9 0.5283333333333333 0.41875 0.05 0.0225
9 0.7666666666666667 0.38375 0.14666666666666667 0.0375
9 0.9116666666666666 0.435 0.043333333333333335 0.025
9 0.8616666666666667 0.46125 0.043333333333333335 0.0225
9 0.9583333333333334 0.54 0.07666666666666666 0.025
9 0.9433333333333334 0.51125 0.06 0.0175
9 0.675 0.57625 0.06333333333333334 0.0275
9 0.73 0.62 0.04 0.025
9 0.6116666666666667 0.93875 0.11666666666666667 0.1175
9 0.3861 0.508325 0.04630000000000005 0.03332499999999996
5 0.40093333333333336 0.2986 0.20186666666666667 0.19444999999999996
5 0.6148 0.295825 0.1777666666666666 0.11945
5 0.8537 0.8430500000000001 0.2925999999999999 0.24722499999999997
5 0.5324 0.5895750000000001 0.2203666666666667 0.14582499999999995
9 0.06666666666666667 0.2389 0.06296666666666667 0.019450000000000002
9 0.12223333333333333 0.2118 0.044433333333333325 0.02082500000000003
9 0.16390000000000002 0.19515000000000002 0.03520000000000001 0.023599999999999996