9 0.4125 0.5666666666666667 0.09 0.03333333333333333
9 0.065 0.8216666666666667 0.13 0.056666666666666664
9 0.81375 0.5733333333333334 0.3675 0.04666666666666667
9 0.57625 0.4483333333333333 0.2375 0.05
8 0.135875 0.35073333333333334 0.27175 0.08986666666666669
9 0.276625 0.5485666666666666 0.09457499999999996 0.05073333333333342
9 0.9 0.47679999999999995 0.1282499999999999 0.0376666666666667
9 0.31195 0.8717333333333332 0.352175 0.1
9 0.67065 0.8963666666666668 0.3652250000000001 0.14346666666666663
5 0.5462 0.5666666666666667 0.16195000000000007 0.0753666666666667
5 0.23152500000000004 0.42899999999999994 0.447825 0.04346666666666669