9 0.40476190476190477 0.5866666666666667 0.27976190476190477 0.15333333333333332
8 0.47943452380952384 0.15073333333333333 0.034940476190476216 0.04346666666666664
9 0.4806547619047619 0.11 0.050595238095238096 0.02666666666666667
9 0.3913690476190476 0.10166666666666667 0.05654761904761905 0.016666666666666666
5 0.6139880952380953 0.3232 0.47491071428571435 0.15073333333333333
8 0.47294642857142855 0.31303333333333333 0.05047619047619042 0.14203333333333337
8 0.450952380952381 0.8297 0.06857142857142863 0.34056666666666674
8 0.9289583333333333 0.16233333333333333 0.14208333333333337 0.11593333333333333
2 0.09970238095238096 0.06833333333333333 0.19940476190476192 0.13666666666666666
7 0.7181547619047619 0.16233333333333333 0.06988095238095243 0.02900000000000001
7 0.8119940476190476 0.1261 0.1177678571428572 0.03476666666666669