9 0.565 0.42065491183879095 0.13 0.060453400503778336
9 0.45666666666666667 0.3589420654911839 0.10666666666666667 0.042821158690176324
9 0.42833333333333334 0.3110831234256927 0.13666666666666666 0.05793450881612091
9 0.3016666666666667 0.3866498740554156 0.15 0.06801007556675064
9 0.72 0.345088161209068 0.06 0.02518891687657431
9 0.525 0.7355163727959698 0.43 0.3526448362720403
8 0.875 0.18962216624685138 0.2277666666666667 0.07415617128463475
8 0.6870333333333334 0.14062972292191436 0.13703333333333337 0.037783375314861464
5 0.8433333333333334 0.8022670025188917 0.31333333333333335 0.3853904282115869
9 0.5555666666666667 0.31415617128463474 0.08890000000000005 0.05738035264483631
5 0.49536666666666673 0.2092191435768262 0.15740000000000004 0.12173803526448361
2 0.22406666666666666 0.13924433249370277 0.1444333333333333 0.037783375314861464