5 0.5008680555555556 0.5084325396825397 0.9982638888888888 0.11408730158730158
9 0.8655753968253969 0.5415013227513228 0.07192460317460317 0.034722222222222224
9 0.5276537698412699 0.4712301587301587 0.1996527777777778 0.036375661375661374
9 0.482390873015873 0.5315806878306878 0.1810515873015873 0.03802910052910053
9 0.23685515873015872 0.5133928571428571 0.11408730158730158 0.044642857142857144
9 0.6374007936507936 0.5076058201058201 0.054563492063492064 0.023148148148148147
2 0.9610615079365079 0.3662367724867725 0.06944444444444445 0.054563492063492064
5 0.4972718253968254 0.35466269841269843 0.02976190476190476 0.044642857142857144
8 0.519593253968254 0.30009920634920634 0.032242063492063495 0.028108465608465607
5 0.5735367063492064 0.4183201058201058 0.05580357142857143 0.06283068783068783
8 0.5840773809523809 0.3480489417989418 0.03968253968253968 0.0248015873015873
5 0.6405009920634921 0.33895502645502645 0.07068452380952381 0.046296296296296294
4 0.49851190476190477 0.8993055555555556 0.9970238095238095 0.2013888888888889
8 0.7384672619047619 0.4621362433862434 0.078125 0.0710978835978836