9 0.6078799249530957 0.49333333333333335 0.150093808630394 0.15333333333333332
9 0.5178236397748592 0.67 0.16885553470919323 0.09333333333333334
9 0.34803001876172607 0.9366666666666666 0.10694183864915573 0.12
9 0.8311444652908068 0.7533333333333333 0.1050656660412758 0.08666666666666667
9 0.6969981238273921 0.185 0.08818011257035648 0.11666666666666667
5 0.4959662288930582 0.42899999999999994 0.19414634146341467 0.3536333333333334
5 0.9156097560975609 0.5594333333333333 0.16878048780487812 0.5362333333333333
5 0.3715572232645403 0.6746333333333333 0.2047467166979362 0.6507333333333334
5 0.848311444652908 0.16883333333333334 0.30337711069418394 0.3232
5 0.1397748592870544 0.38166666666666665 0.2795497185741088 0.11666666666666667
5 0.2279924953095685 0.21449999999999997 0.45272045028142593 0.09276666666666664