9 0.46375 0.58 0.1925 0.25333333333333335
9 0.47125 0.3233333333333333 0.0575 0.04
5 0.90875 0.43166666666666664 0.1825 0.14333333333333334
5 0.4424 0.2507333333333333 0.09347499999999996 0.0724666666666667
5 0.490225 0.18766666666666665 0.06522499999999994 0.044933333333333346
5 0.327725 0.8442 0.4402249999999999 0.31160000000000004
5 0.77875 0.7933333333333333 0.4425 0.41333333333333333
5 0.11412499999999999 0.6941999999999999 0.22824999999999998 0.3333333333333333
2 0.155975 0.2014333333333333 0.31195 0.18259999999999998
8 0.7135750000000001 0.21013333333333334 0.07064999999999998 0.07826666666666668
2 0.8875 0.1261 0.225 0.06376666666666665
2 0.6923999999999999 0.06956666666666667 0.10435000000000003 0.037666666666666675