9 0.9447565543071161 0.6333333333333333 0.08052434456928839 0.04666666666666667
9 0.7827715355805244 0.605 0.16104868913857678 0.09666666666666666
9 0.602996254681648 0.56 0.08614232209737828 0.08666666666666667
9 0.5046816479400749 0.545 0.11797752808988764 0.11666666666666667
9 0.49250936329588013 0.445 0.0449438202247191 0.043333333333333335
9 0.350187265917603 0.4683333333333333 0.09363295880149813 0.043333333333333335
9 0.3895131086142322 0.7 0.37453183520599254 0.15333333333333332
5 0.9351872659176029 0.5181 0.12962546816479406 0.1550666666666666
2 0.8129775280898877 0.2369666666666667 0.19295880149812727 0.05653333333333336
2 0.6383333333333333 0.2804333333333333 0.15470037453183524 0.08550000000000002
2 0.5064232209737828 0.3224666666666666 0.09769662921348313 0.05073333333333333