9 0.7194719471947195 0.545 0.13861386138613863 0.12333333333333334
9 0.1863366336633663 0.26356666666666667 0.333036303630363 0.2404333333333333
9 0.07920792079207921 0.105 0.15841584158415842 0.05
9 0.5924092409240924 0.18666666666666668 0.22112211221122113 0.08
9 0.8399339933993399 0.25 0.2079207920792079 0.07333333333333333
9 0.07590759075907591 0.6283333333333333 0.13861386138613863 0.21
9 0.42475247524752474 0.7992666666666667 0.26689768976897693 0.21883333333333344
2 0.5517161716171617 0.061600000000000016 0.34867986798679873 0.11739999999999999
2 0.8745214521452146 0.16523333333333337 0.2509570957095709 0.11303333333333335
9 0.8918151815181519 0.38986666666666664 0.18511551155115522 0.1101333333333333
5 0.3608910891089109 0.5449333333333333 0.39745874587458746 0.2782666666666667