9 0.36886792452830186 0.5783333333333334 0.14528301886792452 0.07
9 0.6632075471698113 0.6583333333333333 0.12641509433962264 0.08333333333333333
5 0.5217358490566038 0.6601333333333333 0.1509433962264151 0.1753666666666667
2 0.6480754716981132 0.37753333333333333 0.7038490566037735 0.062333333333333296
2 0.2629245283018868 0.31593333333333334 0.064811320754717 0.05796666666666662
8 0.06111320754716981 0.5072333333333333 0.12222641509433962 0.04926666666666658
5 0.1460188679245283 0.7079666666666666 0.2920377358490566 0.2623333333333333
5 0.3896603773584906 0.8296999999999999 0.17718867924528306 0.1695666666666666
5 0.6681698113207547 0.8811666666666668 0.3699811320754718 0.2376666666666666
8 0.865867924528302 0.7072333333333333 0.26824528301886785 0.1101333333333334
8 0.7801509433962265 0.4782666666666666 0.4315094339622642 0.05216666666666659