9 0.16604127579737335 0.67 0.20075046904315197 0.1
9 0.2551594746716698 0.5783333333333334 0.06378986866791744 0.023333333333333334
9 0.3705440900562852 0.5633333333333334 0.1294559099437148 0.03333333333333333
9 0.8527204502814258 0.665 0.29080675422138835 0.13
9 0.23639774859287055 0.865 0.31144465290806755 0.22333333333333333
2 0.1296998123827392 0.4181 0.2593996247654784 0.07680000000000002
2 0.33527204502814256 0.3826 0.15662288930581617 0.06956666666666668
2 0.47435272045028143 0.35363333333333336 0.11337711069418388 0.06956666666666668
2 0.5909943714821764 0.3340666666666667 0.11500938086303931 0.04203333333333338
2 0.7206941838649156 0.3065333333333333 0.13949343339587247 0.0449333333333333
2 0.8418386491557223 0.2876666666666667 0.09461538461538452 0.027533333333333302