9 0.5333333333333333 0.7133333333333334 0.13777777777777778 0.05333333333333334
9 0.5911111111111111 0.7466666666666667 0.08 0.12
9 0.41 0.9 0.45111111111111113 0.17333333333333334
9 0.42333333333333334 0.6366666666666667 0.07777777777777778 0.04
9 0.42 0.5716666666666667 0.10666666666666667 0.023333333333333334
2 0.11555555555555555 0.605 0.2311111111111111 0.15
2 0.8956444444444445 0.7116 0.2086888888888888 0.1623333333333333
2 0.7111111111111111 0.5992666666666667 0.1642444444444444 0.12029999999999992
2 0.2961333333333333 0.5304333333333333 0.13044444444444442 0.0724666666666667
2 0.5883999999999999 0.5246333333333333 0.07342222222222221 0.04636666666666675
5 0.7434888888888889 0.9145000000000001 0.2135333333333334 0.17099999999999993
5 0.16111111111111112 0.85 0.32222222222222224 0.3