9 0.7309236947791165 0.7033333333333334 0.41767068273092367 0.12
9 0.3232931726907631 0.5683333333333334 0.30120481927710846 0.09
9 0.19578313253012047 0.48 0.19477911646586346 0.06666666666666667
9 0.44377510040160645 0.4266666666666667 0.17670682730923695 0.04666666666666667
9 0.12650602409638553 0.37 0.10040160642570281 0.03333333333333333
9 0.02208835341365462 0.345 0.04417670682730924 0.03
9 0.5301204819277109 0.24666666666666667 0.10040160642570281 0.02666666666666667
9 0.6184738955823293 0.18 0.13654618473895583 0.02
9 0.6546184738955824 0.485 0.0963855421686747 0.056666666666666664
9 0.3278313253012048 0.2891333333333333 0.14230923694779118 0.03913333333333336
5 0.7621887550200803 0.4326 0.41558232931726913 0.06810000000000002
5 0.7687349397590361 0.34709999999999996 0.19295180722891572 0.0449333333333333
5 0.7311847389558233 0.24493333333333334 0.05849397590361445 0.05216666666666669