5 0.5152529761904762 0.5886243386243386 0.1922123015873016 0.06944444444444445
5 0.5735367063492064 0.4885912698412698 0.20461309523809523 0.10085978835978836
5 0.19903273809523808 0.2951388888888889 0.06076388888888889 0.04794973544973545
5 0.3726438492063492 0.30257936507936506 0.07068452380952381 0.02976190476190476
5 0.07874503968253968 0.5472883597883598 0.15004960317460317 0.03306878306878307
7 0.04030257936507937 0.5034722222222222 0.05828373015873016 0.06117724867724868
5 0.9086061507936508 0.6332671957671958 0.1827876984126984 0.1818783068783069
4 0.6150793650793651 0.9381613756613757 0.7688492063492064 0.12367724867724868
5 0.14818948412698413 0.382771164021164 0.10044642857142858 0.0744047619047619
6 0.5090525793650794 0.2794312169312169 0.028521825396825396 0.02976190476190476
5 0.08680555555555555 0.2951388888888889 0.07936507936507936 0.07771164021164022
5 0.6361607142857143 0.7415674603174603 0.12400793650793651 0.1636904761904762
5 0.7049851190476191 0.609292328042328 0.0954861111111111 0.11078042328042328