9 0.5111111111111111 0.29 0.08444444444444445 0.08
9 0.5866666666666667 0.21333333333333335 0.04888888888888889 0.05333333333333334
9 0.5766666666666667 0.42 0.07333333333333333 0.1
9 0.4722222222222222 0.56 0.1 0.05333333333333334
9 0.4955555555555556 0.515 0.07111111111111111 0.03
9 0.7366666666666667 0.62 0.05555555555555555 0.11333333333333333
9 0.7744444444444445 0.7816666666666666 0.08666666666666667 0.15
9 0.6977777777777778 0.41833333333333333 0.044444444444444446 0.07
9 0.6644444444444444 0.2866666666666667 0.057777777777777775 0.08
9 0.47333333333333333 0.37833333333333335 0.04 0.03
9 0.46444444444444444 0.41333333333333333 0.04 0.02
9 0.49 0.345 0.028888888888888888 0.023333333333333334
9 0.5244444444444445 0.165 0.035555555555555556 0.023333333333333334
8 0.36617777777777777 0.2058 0.13720000000000002 0.14203333333333334
8 0.2768222222222222 0.3645 0.17873333333333336 0.17246666666666668
8 0.1288888888888889 0.6933333333333334 0.2577777777777778 0.4666666666666667
5 0.6473333333333333 0.18476666666666666 0.042511111111111104 0.11450000000000003
5 0.562311111111111 0.09926666666666667 0.1391333333333333 0.10579999999999998
5 0.4584444444444445 0.06086666666666669 0.10724444444444442 0.11593333333333333