9 0.5778769841269841 0.43816137566137564 0.09424603174603174 0.10912698412698413
9 0.8207266865079366 0.6547619047619048 0.13268849206349206 0.08267195767195767
9 0.7917906746031746 0.5869708994708994 0.09052579365079365 0.04298941798941799
9 0.6919642857142857 0.5224867724867724 0.14136904761904762 0.0496031746031746
2 0.7843501984126984 0.4050925925925926 0.2244543650793651 0.05952380952380952
2 0.9474206349206349 0.4373346560846561 0.10416666666666667 0.05787037037037037
7 0.12462797619047619 0.6886574074074074 0.15252976190476192 0.034722222222222224
7 0.2672371031746032 0.49272486772486773 0.07564484126984126 0.023148148148148147
8 0.6981646825396826 0.857308201058201 0.2554563492063492 0.20667989417989419
8 0.3900049603174603 0.5563822751322751 0.05580357142857143 0.06117724867724868
8 0.3776041666666667 0.4580026455026455 0.021081349206349208 0.03306878306878307
8 0.43278769841269843 0.4001322751322751 0.022321428571428572 0.02976190476190476
8 0.4830109126984127 0.36044973544973546 0.016121031746031748 0.023148148148148147
8 0.5065724206349206 0.33895502645502645 0.021081349206349208 0.016534391534391533