9 0.6876172607879925 0.865 0.11444652908067542 0.08333333333333333
9 0.42870544090056284 0.5233333333333333 0.19324577861163228 0.07333333333333333
9 0.34709193245778613 0.43833333333333335 0.14634146341463414 0.09666666666666666
5 0.5281801125703565 0.19566666666666668 0.3238461538461539 0.11883333333333335
5 0.04853658536585366 0.23839999999999997 0.09707317073170732 0.1058
5 0.23900562851782367 0.4384 0.10930581613508444 0.09129999999999995
5 0.8515759849906192 0.29636666666666667 0.29684803001876175 0.13766666666666671
5 0.740281425891182 0.7637666666666667 0.2830581613508443 0.1478333333333334
2 0.16681050656660412 0.7934666666666667 0.3303752345215759 0.4130333333333334
8 0.8895497185741088 0.1587 0.2194371482176361 0.07390000000000001
8 0.5571482176360225 0.08913333333333333 0.21861163227016883 0.06523333333333334
8 0.7255909943714822 0.11883333333333333 0.10523452157598505 0.049266666666666674
5 0.2753095684803002 0.079 0.25206378986866795 0.09419999999999999