9 0.6911057692307693 0.5108173076923077 0.07932692307692307 0.03365384615384615
9 0.7932692307692307 0.5396634615384616 0.055288461538461536 0.03125
9 0.5456730769230769 0.5997596153846154 0.10576923076923077 0.02403846153846154
11 0.5228365384615384 0.4338942307692308 0.1346153846153846 0.0625
11 0.9194711538461539 0.4375 0.028846153846153848 0.028846153846153848
11 0.8954326923076923 0.4387019230769231 0.028846153846153848 0.03125
11 0.8725961538461539 0.43990384615384615 0.02403846153846154 0.02403846153846154
11 0.8521634615384616 0.4338942307692308 0.026442307692307692 0.028846153846153848
11 0.7848557692307693 0.42908653846153844 0.03125 0.03365384615384615
11 0.7463942307692307 0.4254807692307692 0.03125 0.028846153846153848
11 0.7199519230769231 0.4254807692307692 0.021634615384615384 0.028846153846153848
11 0.7043269230769231 0.42427884615384615 0.01201923076923077 0.021634615384615384