9 0.25961538461538464 0.2548076923076923 0.08653846153846154 0.04807692307692308
9 0.2860576923076923 0.5540865384615384 0.24519230769230768 0.18269230769230768
9 0.59375 0.6730769230769231 0.23076923076923078 0.15384615384615385
9 0.6610576923076923 0.5336538461538461 0.16346153846153846 0.12980769230769232
9 0.796875 0.328125 0.2932692307692308 0.11057692307692307
9 0.8509615384615384 0.46153846153846156 0.12980769230769232 0.07451923076923077
9 0.8052884615384616 0.6129807692307693 0.09615384615384616 0.11538461538461539
9 0.9002403846153846 0.7103365384615384 0.1201923076923077 0.07692307692307693
9 0.5709134615384616 0.3233173076923077 0.11538461538461539 0.06009615384615385
9 0.3173076923076923 0.9435096153846154 0.1778846153846154 0.10096153846153846
9 0.11778846153846154 0.8040865384615384 0.09615384615384616 0.10576923076923077