9 0.47836538461538464 0.5432692307692307 0.04567307692307692 0.0673076923076923
11 0.5408653846153846 0.9266826923076923 0.4375 0.14182692307692307
11 0.4639423076923077 0.796875 0.23557692307692307 0.18269230769230768
11 0.5264423076923077 0.6862980769230769 0.19230769230769232 0.1466346153846154
11 0.5432692307692307 0.6081730769230769 0.11057692307692307 0.057692307692307696
11 0.5588942307692307 0.5661057692307693 0.11057692307692307 0.052884615384615384
11 0.5588942307692307 0.53125 0.0889423076923077 0.04567307692307692
11 0.5805288461538461 0.5048076923076923 0.07692307692307693 0.04326923076923077
11 0.5949519230769231 0.3894230769230769 0.11778846153846154 0.10096153846153846
11 0.5949519230769231 0.2932692307692308 0.17067307692307693 0.12259615384615384
11 0.5564903846153846 0.125 0.3629807692307692 0.25