9 0.43509615384615385 0.7692307692307693 0.34615384615384615 0.40384615384615385
9 0.8185096153846154 0.7836538461538461 0.34615384615384615 0.42788461538461536
9 0.9447115384615384 0.44471153846153844 0.09615384615384616 0.22115384615384615
9 0.7644230769230769 0.4074519230769231 0.14423076923076922 0.14423076923076922
9 0.6838942307692307 0.29927884615384615 0.27403846153846156 0.09615384615384616
9 0.5396634615384616 0.21394230769230768 0.1658653846153846 0.09615384615384616
9 0.49158653846153844 0.44711538461538464 0.3245192307692308 0.18269230769230768
9 0.09375 0.6574519230769231 0.1778846153846154 0.25961538461538464
9 0.20072115384615385 0.44711538461538464 0.19230769230769232 0.11057692307692307
9 0.04567307692307692 0.4074519230769231 0.08413461538461539 0.14903846153846154
9 0.7019230769230769 0.171875 0.1346153846153846 0.1346153846153846