9 0.20072115384615385 0.5084134615384616 0.125 0.20192307692307693
9 0.12259615384615384 0.6454326923076923 0.09134615384615384 0.12980769230769232
9 0.0889423076923077 0.46153846153846156 0.09134615384615384 0.11298076923076923
9 0.3737980769230769 0.4266826923076923 0.1201923076923077 0.17067307692307693
9 0.4951923076923077 0.390625 0.11538461538461539 0.14423076923076922
9 0.6802884615384616 0.41586538461538464 0.1658653846153846 0.1875
9 0.90625 0.36899038461538464 0.17307692307692307 0.1971153846153846
9 0.8846153846153846 0.5084134615384616 0.0625 0.052884615384615384
9 0.953125 0.53125 0.07451923076923077 0.06009615384615385
9 0.9134615384615384 0.6706730769230769 0.09134615384615384 0.21153846153846154
9 0.46033653846153844 0.7451923076923077 0.3245192307692308 0.3894230769230769
9 0.07211538461538461 0.7800480769230769 0.07211538461538461 0.10096153846153846