9 0.14182692307692307 0.5961538461538461 0.21875 0.12259615384615384
9 0.5228365384615384 0.6105769230769231 0.47115384615384615 0.25240384615384615
9 0.4735576923076923 0.8930288461538461 0.5144230769230769 0.21153846153846154
9 0.6334134615384616 0.4014423076923077 0.27884615384615385 0.18990384615384615
9 0.7872596153846154 0.28966346153846156 0.11538461538461539 0.09615384615384616
9 0.8617788461538461 0.21634615384615385 0.08413461538461539 0.057692307692307696
9 0.953125 0.18990384615384615 0.08173076923076923 0.026442307692307692
9 0.9603365384615384 0.24278846153846154 0.07692307692307693 0.04807692307692308
9 0.9146634615384616 0.13701923076923078 0.15384615384615385 0.05048076923076923
9 0.9266826923076923 0.08173076923076923 0.14182692307692307 0.04807692307692308
9 0.9387019230769231 0.036057692307692304 0.11538461538461539 0.03365384615384615
9 0.12139423076923077 0.5661057692307693 0.16346153846153846 0.11538461538461539
9 0.15745192307692307 0.39903846153846156 0.28846153846153844 0.12980769230769232
9 0.3473557692307692 0.3016826923076923 0.17307692307692307 0.10576923076923077
9 0.53125 0.2512019230769231 0.20432692307692307 0.057692307692307696
9 0.15504807692307693 0.2620192307692308 0.20673076923076922 0.04326923076923077
9 0.1141826923076923 0.15264423076923078 0.1201923076923077 0.04807692307692308
9 0.36538461538461536 0.1778846153846154 0.18269230769230768 0.07211538461538461
9 0.34134615384615385 0.11298076923076923 0.19951923076923078 0.057692307692307696
9 0.5324519230769231 0.04567307692307692 0.09615384615384616 0.040865384615384616
9 0.5048076923076923 0.09375 0.10576923076923077 0.019230769230769232
9 0.6237980769230769 0.12139423076923077 0.1778846153846154 0.028846153846153848
9 0.546875 0.171875 0.11298076923076923 0.038461538461538464
9 0.5420673076923077 0.25 0.1778846153846154 0.06009615384615385
9 0.7175480769230769 0.040865384615384616 0.25 0.07692307692307693