9 0.7463942307692307 0.7980769230769231 0.16105769230769232 0.20192307692307693
9 0.6754807692307693 0.4387019230769231 0.07692307692307693 0.17307692307692307
9 0.7872596153846154 0.4230769230769231 0.07211538461538461 0.17307692307692307
9 0.8894230769230769 0.27163461538461536 0.09615384615384616 0.22596153846153846
9 0.9663461538461539 0.17668269230769232 0.052884615384615384 0.21634615384615385
9 0.7487980769230769 0.0829326923076923 0.0625 0.11298076923076923
9 0.6850961538461539 0.04567307692307692 0.04567307692307692 0.04807692307692308
9 0.6899038461538461 0.19471153846153846 0.052884615384615384 0.08173076923076923
9 0.6069711538461539 0.5 0.038461538461538464 0.16826923076923078
9 0.6502403846153846 0.9555288461538461 0.04326923076923077 0.08413461538461539
9 0.703125 0.9735576923076923 0.040865384615384616 0.04807692307692308