9 0.6875 0.265625 0.1778846153846154 0.38461538461538464
9 0.49399038461538464 0.32091346153846156 0.11057692307692307 0.13942307692307693
9 0.4411057692307692 0.53125 0.10096153846153846 0.19230769230769232
9 0.48197115384615385 0.8052884615384616 0.07692307692307693 0.25
9 0.5757211538461539 0.6610576923076923 0.09375 0.25961538461538464
9 0.30288461538461536 0.5600961538461539 0.08413461538461539 0.38461538461538464
9 0.2512019230769231 0.45913461538461536 0.07211538461538461 0.11538461538461539
9 0.171875 0.390625 0.0673076923076923 0.22115384615384615
9 0.2536057692307692 0.265625 0.0673076923076923 0.08653846153846154
9 0.3317307692307692 0.18269230769230768 0.07211538461538461 0.16346153846153846
9 0.4411057692307692 0.12379807692307693 0.07211538461538461 0.20673076923076922
9 0.3641826923076923 0.8641826923076923 0.052884615384615384 0.13942307692307693