9 0.46274038461538464 0.5396634615384616 0.055288461538461536 0.06971153846153846
11 0.48197115384615385 0.9206730769230769 0.4495192307692308 0.15384615384615385
11 0.4206730769230769 0.796875 0.2548076923076923 0.2091346153846154
11 0.4963942307692308 0.6911057692307693 0.20673076923076922 0.1658653846153846
11 0.5216346153846154 0.6129807692307693 0.11778846153846154 0.07211538461538461
11 0.5408653846153846 0.5721153846153846 0.11538461538461539 0.06490384615384616
11 0.546875 0.5360576923076923 0.09134615384615384 0.052884615384615384
11 0.5709134615384616 0.5132211538461539 0.07932692307692307 0.05048076923076923
11 0.5973557692307693 0.3954326923076923 0.12980769230769232 0.11538461538461539
11 0.6069711538461539 0.2980769230769231 0.18509615384615385 0.14182692307692307
11 0.5877403846153846 0.13341346153846154 0.3870192307692308 0.2668269230769231