9 0.16947115384615385 0.47596153846153844 0.25961538461538464 0.11778846153846154
9 0.3076923076923077 0.5997596153846154 0.23557692307692307 0.125
9 0.39663461538461536 0.46153846153846156 0.16826923076923078 0.1201923076923077
9 0.296875 0.34975961538461536 0.18269230769230768 0.1201923076923077
9 0.2548076923076923 0.25600961538461536 0.11538461538461539 0.07211538461538461
9 0.421875 0.3329326923076923 0.09134615384615384 0.07211538461538461
9 0.5240384615384616 0.33533653846153844 0.09134615384615384 0.07932692307692307
9 0.5805288461538461 0.4338942307692308 0.12980769230769232 0.07692307692307693
9 0.7175480769230769 0.5480769230769231 0.14903846153846154 0.15384615384615385
9 0.8798076923076923 0.5697115384615384 0.11538461538461539 0.13701923076923078
9 0.7740384615384616 0.8629807692307693 0.41346153846153844 0.25240384615384615
9 0.7668269230769231 0.28846153846153844 0.21634615384615385 0.16346153846153846
9 0.9591346153846154 0.3016826923076923 0.07692307692307693 0.057692307692307696
9 0.9603365384615384 0.421875 0.06971153846153846 0.07211538461538461