9 0.5649038461538461 0.8221153846153846 0.23076923076923078 0.21634615384615385
9 0.5721153846153846 0.4987980769230769 0.20192307692307693 0.15384615384615385
9 0.6526442307692307 0.40865384615384615 0.1778846153846154 0.09134615384615384
9 0.6658653846153846 0.3329326923076923 0.10576923076923077 0.038461538461538464
9 0.5913461538461539 0.30528846153846156 0.09375 0.03365384615384615
9 0.5288461538461539 0.3737980769230769 0.12980769230769232 0.0625
9 0.6141826923076923 0.24519230769230768 0.0625 0.03365384615384615
9 0.38221153846153844 0.4170673076923077 0.14423076923076922 0.09375
9 0.36658653846153844 0.3425480769230769 0.08653846153846154 0.04807692307692308
9 0.39903846153846156 0.29447115384615385 0.057692307692307696 0.05048076923076923
9 0.4567307692307692 0.25600961538461536 0.06009615384615385 0.04326923076923077
9 0.5240384615384616 0.2283653846153846 0.052884615384615384 0.028846153846153848
9 0.12620192307692307 0.7608173076923077 0.16346153846153846 0.20432692307692307