9 0.2932692307692308 0.8185096153846154 0.0625 0.15384615384615385
9 0.21634615384615385 0.7283653846153846 0.0625 0.07692307692307693
9 0.3076923076923077 0.6442307692307693 0.12980769230769232 0.09134615384615384
9 0.38822115384615385 0.7632211538461539 0.10576923076923077 0.11778846153846154
9 0.49759615384615385 0.6370192307692307 0.18990384615384615 0.10576923076923077
9 0.671875 0.5 0.15865384615384615 0.18028846153846154
9 0.8497596153846154 0.47115384615384615 0.17307692307692307 0.11778846153846154
9 0.5144230769230769 0.41947115384615385 0.08653846153846154 0.07451923076923077
9 0.38341346153846156 0.4050480769230769 0.07692307692307693 0.09615384615384616
9 0.390625 0.28125 0.11057692307692307 0.08653846153846154
9 0.23798076923076922 0.24759615384615385 0.10576923076923077 0.08653846153846154
9 0.12139423076923077 0.0985576923076923 0.17307692307692307 0.15865384615384615
9 0.1971153846153846 0.5 0.0625 0.11057692307692307