9 0.34134615384615385 0.84375 0.4254807692307692 0.2403846153846154
9 0.6670673076923077 0.6213942307692307 0.27403846153846156 0.25240384615384615
9 0.9290865384615384 0.7572115384615384 0.11778846153846154 0.09615384615384616
9 0.8329326923076923 0.9387019230769231 0.23557692307692307 0.10096153846153846
9 0.8858173076923077 0.4254807692307692 0.13942307692307693 0.1201923076923077
9 0.9735576923076923 0.53125 0.03365384615384615 0.07692307692307693
9 0.31971153846153844 0.43509615384615385 0.4326923076923077 0.20673076923076922
9 0.6262019230769231 0.3737980769230769 0.25721153846153844 0.12740384615384615
9 0.8677884615384616 0.2512019230769231 0.13942307692307693 0.14903846153846154
9 0.6418269230769231 0.18028846153846154 0.15384615384615385 0.057692307692307696
9 0.6862980769230769 0.12740384615384615 0.08173076923076923 0.057692307692307696
9 0.7572115384615384 0.06490384615384616 0.1346153846153846 0.07451923076923077
9 0.546875 0.046875 0.16826923076923078 0.04807692307692308
9 0.5889423076923077 0.1045673076923077 0.11778846153846154 0.04326923076923077
9 0.25721153846153844 0.07211538461538461 0.3798076923076923 0.10576923076923077
9 0.39783653846153844 0.18028846153846154 0.23076923076923078 0.11057692307692307
9 0.48677884615384615 0.2800480769230769 0.19951923076923078 0.06490384615384616
9 0.20552884615384615 0.2439903846153846 0.16826923076923078 0.11778846153846154