9 0.5829326923076923 0.45913461538461536 0.052884615384615384 0.057692307692307696
11 0.8822115384615384 0.5985576923076923 0.23076923076923078 0.3942307692307692
11 0.7716346153846154 0.53125 0.12740384615384615 0.18269230769230768
11 0.6814903846153846 0.53125 0.1201923076923077 0.1658653846153846
11 0.6225961538461539 0.5348557692307693 0.06490384615384616 0.09134615384615384
11 0.5769230769230769 0.5276442307692307 0.0625 0.0985576923076923
11 0.5516826923076923 0.5264423076923077 0.03365384615384615 0.06009615384615385
11 0.5360576923076923 0.5216346153846154 0.016826923076923076 0.038461538461538464
11 0.5120192307692307 0.5120192307692307 0.04567307692307692 0.04567307692307692
11 0.38341346153846156 0.4951923076923077 0.09375 0.1201923076923077
11 0.3233173076923077 0.46875 0.08653846153846154 0.12259615384615384
11 0.19831730769230768 0.3701923076923077 0.39663461538461536 0.4182692307692308