11 0.2127403846153846 0.8040865384615384 0.22355769230769232 0.11298076923076923
11 0.19591346153846154 0.6394230769230769 0.1346153846153846 0.0625
11 0.13942307692307693 0.5576923076923077 0.13942307692307693 0.08653846153846154
9 0.39663461538461536 0.7259615384615384 0.11057692307692307 0.2403846153846154
9 0.31490384615384615 0.5132211538461539 0.15384615384615385 0.1201923076923077
9 0.41225961538461536 0.3125 0.12259615384615384 0.28365384615384615
9 0.6262019230769231 0.6778846153846154 0.21634615384615385 0.40384615384615385
9 0.4651442307692308 0.5360576923076923 0.10576923076923077 0.10096153846153846
9 0.4987980769230769 0.3870192307692308 0.057692307692307696 0.08173076923076923
9 0.6971153846153846 0.4014423076923077 0.125 0.08173076923076923
9 0.5913461538461539 0.11538461538461539 0.2548076923076923 0.22115384615384615
9 0.31971153846153844 0.32572115384615385 0.057692307692307696 0.12259615384615384