9 0.44591346153846156 0.6382211538461539 0.06490384615384616 0.07932692307692307
9 0.6706730769230769 0.5877403846153846 0.16346153846153846 0.15384615384615385
9 0.5661057692307693 0.49759615384615385 0.1346153846153846 0.10576923076923077
9 0.6670673076923077 0.30649038461538464 0.14423076923076922 0.20673076923076922
9 0.859375 0.29447115384615385 0.1658653846153846 0.14903846153846154
9 0.5396634615384616 0.36899038461538464 0.052884615384615384 0.05048076923076923
9 0.3125 0.33774038461538464 0.07211538461538461 0.11538461538461539
9 0.3786057692307692 0.3557692307692308 0.07211538461538461 0.10096153846153846
9 0.29927884615384615 0.46274038461538464 0.057692307692307696 0.0673076923076923
9 0.2439903846153846 0.42788461538461536 0.052884615384615384 0.09615384615384616
9 0.453125 0.9338942307692307 0.055288461538461536 0.11778846153846154