9 0.4326923076923077 0.40625 0.125 0.20673076923076922
9 0.5829326923076923 0.5384615384615384 0.13942307692307693 0.18269230769230768
9 0.8353365384615384 0.38221153846153844 0.3125 0.43028846153846156
9 0.3076923076923077 0.328125 0.125 0.20192307692307693
9 0.359375 0.1346153846153846 0.12980769230769232 0.16826923076923078
9 0.2860576923076923 0.7716346153846154 0.0889423076923077 0.16346153846153846
9 0.40384615384615385 0.7019230769230769 0.1201923076923077 0.08173076923076923
9 0.47716346153846156 0.8581730769230769 0.1778846153846154 0.21634615384615385
9 0.6045673076923077 0.6622596153846154 0.07692307692307693 0.0625
9 0.6959134615384616 0.7403846153846154 0.125 0.09375
9 0.8834134615384616 0.7055288461538461 0.20673076923076922 0.18269230769230768