9 0.8185096153846154 0.4891826923076923 0.31009615384615385 0.32211538461538464
9 0.6370192307692307 0.47596153846153844 0.1346153846153846 0.1971153846153846
9 0.5709134615384616 0.27524038461538464 0.10576923076923077 0.11538461538461539
9 0.6298076923076923 0.09375 0.13942307692307693 0.13942307692307693
9 0.49759615384615385 0.04326923076923077 0.10576923076923077 0.08413461538461539
9 0.40384615384615385 0.23197115384615385 0.10336538461538461 0.18509615384615385
9 0.4963942307692308 0.43509615384615385 0.09615384615384616 0.15865384615384615
9 0.49278846153846156 0.6153846153846154 0.10576923076923077 0.14903846153846154
9 0.3954326923076923 0.5685096153846154 0.08653846153846154 0.09615384615384616
9 0.3954326923076923 0.4338942307692308 0.10096153846153846 0.11057692307692307
9 0.3425480769230769 0.3485576923076923 0.04807692307692308 0.15865384615384615
9 0.31009615384615385 0.3942307692307692 0.02403846153846154 0.13942307692307693
9 0.296875 0.40625 0.026442307692307692 0.11057692307692307
9 0.24519230769230768 0.43028846153846156 0.07211538461538461 0.14903846153846154