9 0.7692307692307693 0.5649038461538461 0.40384615384615385 0.34615384615384615
9 0.7836538461538461 0.1814903846153846 0.42788461538461536 0.34615384615384615
9 0.44471153846153844 0.055288461538461536 0.22115384615384615 0.09615384615384616
9 0.4074519230769231 0.23557692307692307 0.14423076923076922 0.14423076923076922
9 0.29927884615384615 0.3161057692307692 0.09615384615384616 0.27403846153846156
9 0.21394230769230768 0.46033653846153844 0.09615384615384616 0.1658653846153846
9 0.44711538461538464 0.5084134615384616 0.18269230769230768 0.3245192307692308
9 0.6574519230769231 0.90625 0.25961538461538464 0.1778846153846154
9 0.44711538461538464 0.7992788461538461 0.11057692307692307 0.19230769230769232
9 0.4074519230769231 0.9543269230769231 0.14903846153846154 0.08413461538461539
9 0.171875 0.2980769230769231 0.1346153846153846 0.1346153846153846