9 0.42788461538461536 0.7572115384615384 0.10096153846153846 0.09615384615384616
9 0.43028846153846156 0.5721153846153846 0.08653846153846154 0.15144230769230768
9 0.453125 0.42788461538461536 0.09615384615384616 0.0985576923076923
9 0.051682692307692304 0.31490384615384615 0.08653846153846154 0.15865384615384615
9 0.02283653846153846 0.18269230769230768 0.028846153846153848 0.08653846153846154
9 0.1045673076923077 0.07451923076923077 0.15384615384615385 0.13942307692307693
9 0.22596153846153846 0.17427884615384615 0.11538461538461539 0.12980769230769232
9 0.6346153846153846 0.6262019230769231 0.10576923076923077 0.21153846153846154
9 0.6814903846153846 0.37740384615384615 0.14423076923076922 0.18990384615384615
9 0.8353365384615384 0.23677884615384615 0.10576923076923077 0.1346153846153846
9 0.8365384615384616 0.41947115384615385 0.10576923076923077 0.15865384615384615
9 0.7295673076923077 0.5132211538461539 0.07211538461538461 0.07692307692307693
9 0.7379807692307693 0.7127403846153846 0.0673076923076923 0.1971153846153846
9 0.8413461538461539 0.6165865384615384 0.125 0.12259615384615384
9 0.12379807692307693 0.9326923076923077 0.0985576923076923 0.12740384615384615
9 0.1141826923076923 0.7908653846153846 0.0673076923076923 0.11538461538461539