9 0.18629807692307693 0.8786057692307693 0.10576923076923077 0.1658653846153846
9 0.07451923076923077 0.7331730769230769 0.11057692307692307 0.125
9 0.10576923076923077 0.4963942307692308 0.20673076923076922 0.30288461538461536
9 0.30649038461538464 0.7331730769230769 0.10576923076923077 0.1466346153846154
9 0.39663461538461536 0.6634615384615384 0.07211538461538461 0.08653846153846154
9 0.4735576923076923 0.6634615384615384 0.07211538461538461 0.08173076923076923
9 0.5360576923076923 0.5384615384615384 0.09615384615384616 0.12740384615384615
9 0.45072115384615385 0.8100961538461539 0.0889423076923077 0.11057692307692307
9 0.53125 0.8377403846153846 0.057692307692307696 0.08653846153846154
9 0.6298076923076923 0.8461538461538461 0.09134615384615384 0.11538461538461539
9 0.4338942307692308 0.9375 0.25961538461538464 0.1201923076923077
9 0.2764423076923077 0.8557692307692307 0.057692307692307696 0.0673076923076923
9 0.7548076923076923 0.8990384615384616 0.08173076923076923 0.09615384615384616
9 0.3954326923076923 0.35336538461538464 0.3125 0.23557692307692307
9 0.2764423076923077 0.1935096153846154 0.11057692307692307 0.08173076923076923
9 0.28125 0.10096153846153846 0.09375 0.08653846153846154
9 0.17427884615384615 0.07572115384615384 0.11538461538461539 0.08653846153846154
9 0.056490384615384616 0.21754807692307693 0.11057692307692307 0.1778846153846154
9 0.4266826923076923 0.07572115384615384 0.17307692307692307 0.1346153846153846
9 0.7019230769230769 0.11298076923076923 0.36778846153846156 0.20673076923076922
9 0.7764423076923077 0.3581730769230769 0.3557692307692308 0.27403846153846156