9 0.1310096153846154 0.3786057692307692 0.25240384615384615 0.17067307692307693
9 0.36658653846153844 0.40625 0.15384615384615385 0.11057692307692307
9 0.4951923076923077 0.4026442307692308 0.10336538461538461 0.07451923076923077
9 0.6430288461538461 0.37259615384615385 0.06971153846153846 0.08653846153846154
9 0.5072115384615384 0.31490384615384615 0.08413461538461539 0.08173076923076923
9 0.5552884615384616 0.5144230769230769 0.11057692307692307 0.11057692307692307
9 0.7271634615384616 0.5504807692307693 0.12740384615384615 0.0985576923076923
9 0.8137019230769231 0.7007211538461539 0.11057692307692307 0.125
9 0.8774038461538461 0.9014423076923077 0.21634615384615385 0.1875
9 0.6225961538461539 0.7596153846153846 0.17307692307692307 0.19951923076923078
9 0.49038461538461536 0.6081730769230769 0.08653846153846154 0.08173076923076923
9 0.3713942307692308 0.5588942307692307 0.1346153846153846 0.11538461538461539
9 0.31850961538461536 0.8221153846153846 0.2283653846153846 0.3004807692307692
9 0.0985576923076923 0.6790865384615384 0.1658653846153846 0.15384615384615385