9 0.3317307692307692 0.44350961538461536 0.13942307692307693 0.17067307692307693
9 0.38341346153846156 0.6538461538461539 0.17548076923076922 0.13221153846153846
9 0.6117788461538461 0.5048076923076923 0.2932692307692308 0.1658653846153846
9 0.7307692307692307 0.6706730769230769 0.09615384615384616 0.14903846153846154
9 0.8629807692307693 0.35336538461538464 0.25721153846153844 0.16346153846153846
9 0.828125 0.18990384615384615 0.3293269230769231 0.16826923076923078
9 0.3641826923076923 0.052884615384615384 0.13701923076923078 0.057692307692307696
9 0.21153846153846154 0.15144230769230768 0.16346153846153846 0.20432692307692307
9 0.11778846153846154 0.43509615384615385 0.21634615384615385 0.3125
9 0.18629807692307693 0.7848557692307693 0.12740384615384615 0.3605769230769231
9 0.34134615384615385 0.8689903846153846 0.10576923076923077 0.11778846153846154