9 0.7235576923076923 0.5757211538461539 0.14182692307692307 0.23557692307692307
9 0.8377403846153846 0.34134615384615385 0.16826923076923078 0.12740384615384615
9 0.6550480769230769 0.4206730769230769 0.10336538461538461 0.1346153846153846
9 0.5625 0.44591346153846156 0.08173076923076923 0.1201923076923077
9 0.6141826923076923 0.5649038461538461 0.07211538461538461 0.12740384615384615
9 0.515625 0.5649038461538461 0.0625 0.1346153846153846
9 0.4266826923076923 0.47115384615384615 0.04807692307692308 0.08173076923076923
9 0.4807692307692308 0.3629807692307692 0.057692307692307696 0.14903846153846154
9 0.5360576923076923 0.2620192307692308 0.052884615384615384 0.0985576923076923
9 0.32572115384615385 0.16105769230769232 0.12980769230769232 0.1778846153846154
9 0.48197115384615385 0.05889423076923077 0.14903846153846154 0.11538461538461539
9 0.27283653846153844 0.3918269230769231 0.06009615384615385 0.1346153846153846
9 0.3401442307692308 0.3701923076923077 0.04807692307692308 0.0985576923076923
9 0.34375 0.453125 0.036057692307692304 0.07451923076923077
9 0.31850961538461536 0.5072115384615384 0.04326923076923077 0.0625
9 0.35096153846153844 0.5913461538461539 0.04326923076923077 0.11057692307692307
9 0.3786057692307692 0.6430288461538461 0.038461538461538464 0.08173076923076923
9 0.40024038461538464 0.7235576923076923 0.036057692307692304 0.13942307692307693
9 0.4362980769230769 0.6826923076923077 0.038461538461538464 0.08653846153846154
9 0.4699519230769231 0.7548076923076923 0.026442307692307692 0.11778846153846154
9 0.5372596153846154 0.8100961538461539 0.04807692307692308 0.1201923076923077
9 0.5709134615384616 0.8762019230769231 0.07211538461538461 0.12980769230769232
9 0.6694711538461539 0.9086538461538461 0.11057692307692307 0.1778846153846154