9 0.4951923076923077 0.5096153846153846 0.08653846153846154 0.15865384615384615
9 0.5120192307692307 0.7127403846153846 0.07211538461538461 0.14423076923076922
9 0.4639423076923077 0.23076923076923078 0.0625 0.12980769230769232
9 0.36658653846153844 0.08052884615384616 0.0673076923076923 0.08653846153846154
11 0.6838942307692307 0.6682692307692307 0.11778846153846154 0.19471153846153846
11 0.5432692307692307 0.004807692307692308 0.04807692307692308 0.009615384615384616
11 0.546875 0.015625 0.05048076923076923 0.03125
11 0.5516826923076923 0.038461538461538464 0.04326923076923077 0.03125
11 0.5588942307692307 0.06850961538461539 0.038461538461538464 0.03365384615384615
11 0.5829326923076923 0.14302884615384615 0.04567307692307692 0.05048076923076923
11 0.6021634615384616 0.19230769230769232 0.055288461538461536 0.055288461538461536
11 0.609375 0.22235576923076922 0.03365384615384615 0.03365384615384615
11 0.6165865384615384 0.24519230769230768 0.028846153846153848 0.021634615384615384
11 0.6213942307692307 0.2848557692307692 0.052884615384615384 0.08413461538461539