9 0.24879807692307693 0.7427884615384616 0.07211538461538461 0.12259615384615384
9 0.34375 0.7019230769230769 0.10096153846153846 0.17307692307692307
9 0.4543269230769231 0.59375 0.0889423076923077 0.15384615384615385
9 0.41225961538461536 0.42788461538461536 0.09134615384615384 0.11057692307692307
9 0.5444711538461539 0.2848557692307692 0.16346153846153846 0.16346153846153846
9 0.5721153846153846 0.13221153846153846 0.10576923076923077 0.10576923076923077
9 0.2608173076923077 0.22355769230769232 0.08653846153846154 0.1346153846153846
9 0.3293269230769231 0.5757211538461539 0.04807692307692308 0.0673076923076923
9 0.5817307692307693 0.6814903846153846 0.11298076923076923 0.1971153846153846
9 0.47716346153846156 0.8076923076923077 0.09615384615384616 0.21153846153846154
9 0.8846153846153846 0.21153846153846154 0.18269230769230768 0.37259615384615385
9 0.4230769230769231 0.04447115384615385 0.0625 0.052884615384615384
9 0.40625 0.17908653846153846 0.052884615384615384 0.11538461538461539