9 0.5168269230769231 0.45913461538461536 0.07211538461538461 0.06009615384615385
11 0.9050480769230769 0.4411057692307692 0.18509615384615385 0.4639423076923077
11 0.7776442307692307 0.39302884615384615 0.23076923076923078 0.27163461538461536
11 0.6742788461538461 0.4795673076923077 0.18269230769230768 0.21875
11 0.5961538461538461 0.5108173076923077 0.08173076923076923 0.12259615384615384
11 0.5564903846153846 0.5360576923076923 0.07692307692307693 0.11778846153846154
11 0.5204326923076923 0.5444711538461539 0.06009615384615385 0.09615384615384616
11 0.4987980769230769 0.5709134615384616 0.057692307692307696 0.08413461538461539
11 0.38100961538461536 0.609375 0.12259615384615384 0.13701923076923078
11 0.2824519230769231 0.6286057692307693 0.15384615384615385 0.19471153846153846
11 0.12980769230769232 0.6177884615384616 0.25961538461538464 0.3942307692307692