9 0.12139423076923077 0.18629807692307693 0.1658653846153846 0.10576923076923077
9 0.2668269230769231 0.07451923076923077 0.125 0.11057692307692307
9 0.5036057692307693 0.10576923076923077 0.30288461538461536 0.20673076923076922
9 0.2668269230769231 0.30649038461538464 0.1466346153846154 0.10576923076923077
9 0.33653846153846156 0.39663461538461536 0.08653846153846154 0.07211538461538461
9 0.33653846153846156 0.4735576923076923 0.08173076923076923 0.07211538461538461
9 0.46153846153846156 0.5360576923076923 0.12740384615384615 0.09615384615384616
9 0.18990384615384615 0.45072115384615385 0.11057692307692307 0.0889423076923077
9 0.1622596153846154 0.53125 0.08653846153846154 0.057692307692307696
9 0.15384615384615385 0.6298076923076923 0.11538461538461539 0.09134615384615384
9 0.0625 0.4338942307692308 0.1201923076923077 0.25961538461538464
9 0.14423076923076922 0.2764423076923077 0.0673076923076923 0.057692307692307696
9 0.10096153846153846 0.7548076923076923 0.09615384615384616 0.08173076923076923
9 0.6466346153846154 0.3954326923076923 0.23557692307692307 0.3125
9 0.8064903846153846 0.2764423076923077 0.08173076923076923 0.11057692307692307
9 0.8990384615384616 0.28125 0.08653846153846154 0.09375
9 0.9242788461538461 0.17427884615384615 0.08653846153846154 0.11538461538461539
9 0.7824519230769231 0.056490384615384616 0.1778846153846154 0.11057692307692307
9 0.9242788461538461 0.4266826923076923 0.1346153846153846 0.17307692307692307
9 0.8870192307692307 0.7019230769230769 0.20673076923076922 0.36778846153846156
9 0.6418269230769231 0.7764423076923077 0.27403846153846156 0.3557692307692308