9 0.12259615384615384 0.7103365384615384 0.19471153846153846 0.2764423076923077
9 0.30288461538461536 0.6502403846153846 0.14423076923076922 0.13942307692307693
9 0.4651442307692308 0.8064903846153846 0.35336538461538464 0.21875
9 0.6610576923076923 0.625 0.37259615384615385 0.10576923076923077
9 0.4795673076923077 0.53125 0.16346153846153846 0.09615384615384616
9 0.4338942307692308 0.2932692307692308 0.16105769230769232 0.20673076923076922
9 0.49399038461538464 0.4362980769230769 0.10096153846153846 0.052884615384615384
9 0.625 0.44350961538461536 0.08173076923076923 0.057692307692307696
9 0.7475961538461539 0.3401442307692308 0.16826923076923078 0.16346153846153846
9 0.8317307692307693 0.4495192307692308 0.10817307692307693 0.0889423076923077
9 0.8137019230769231 0.18028846153846154 0.16105769230769232 0.14903846153846154
9 0.9362980769230769 0.24879807692307693 0.11057692307692307 0.15384615384615385
9 0.18389423076923078 0.17548076923076922 0.12740384615384615 0.1346153846153846
9 0.28846153846153844 0.25240384615384615 0.13942307692307693 0.12980769230769232
9 0.07451923076923077 0.25961538461538464 0.07211538461538461 0.057692307692307696