9 0.28966346153846156 0.12259615384615384 0.2764423076923077 0.19471153846153846
9 0.34975961538461536 0.30288461538461536 0.13942307692307693 0.14423076923076922
9 0.1935096153846154 0.4651442307692308 0.21875 0.35336538461538464
9 0.375 0.6610576923076923 0.10576923076923077 0.37259615384615385
9 0.46875 0.4795673076923077 0.09615384615384616 0.16346153846153846
9 0.7067307692307693 0.4338942307692308 0.20673076923076922 0.16105769230769232
9 0.5637019230769231 0.49399038461538464 0.052884615384615384 0.10096153846153846
9 0.5564903846153846 0.625 0.057692307692307696 0.08173076923076923
9 0.6598557692307693 0.7475961538461539 0.16346153846153846 0.16826923076923078
9 0.5504807692307693 0.8317307692307693 0.0889423076923077 0.10817307692307693
9 0.8197115384615384 0.8137019230769231 0.14903846153846154 0.16105769230769232
9 0.7512019230769231 0.9362980769230769 0.15384615384615385 0.11057692307692307
9 0.8245192307692307 0.18389423076923078 0.1346153846153846 0.12740384615384615
9 0.7475961538461539 0.28846153846153844 0.12980769230769232 0.13942307692307693
9 0.7403846153846154 0.07451923076923077 0.057692307692307696 0.07211538461538461