9 0.5216346153846154 0.8581730769230769 0.20432692307692307 0.22115384615384615
9 0.7692307692307693 0.7367788461538461 0.18269230769230768 0.13942307692307693
9 0.8425480769230769 0.5168269230769231 0.23557692307692307 0.10576923076923077
9 0.9723557692307693 0.7007211538461539 0.05048076923076923 0.11298076923076923
9 0.8305288461538461 0.4206730769230769 0.1466346153846154 0.08173076923076923
9 0.6971153846153846 0.3245192307692308 0.11298076923076923 0.07211538461538461
9 0.5336538461538461 0.4735576923076923 0.14423076923076922 0.0625
9 0.5552884615384616 0.5516826923076923 0.1346153846153846 0.06009615384615385
9 0.3449519230769231 0.5384615384615384 0.16826923076923078 0.08413461538461539
9 0.484375 0.37740384615384615 0.13221153846153846 0.08413461538461539
9 0.44350961538461536 0.28966346153846156 0.10576923076923077 0.03125
9 0.328125 0.25721153846153844 0.08653846153846154 0.036057692307692304
9 0.29086538461538464 0.21394230769230768 0.10817307692307693 0.04326923076923077
9 0.5432692307692307 0.2091346153846154 0.0985576923076923 0.040865384615384616
9 0.42427884615384615 0.15985576923076922 0.24519230769230768 0.06009615384615385
9 0.390625 0.09735576923076923 0.08653846153846154 0.04326923076923077
9 0.25841346153846156 0.13581730769230768 0.06490384615384616 0.07451923076923077
9 0.32091346153846156 0.055288461538461536 0.0625 0.038461538461538464