9 0.21153846153846154 0.3701923076923077 0.09615384615384616 0.11298076923076923
9 0.31971153846153844 0.37740384615384615 0.10817307692307693 0.06490384615384616
9 0.375 0.484375 0.12740384615384615 0.0889423076923077
9 0.4855769230769231 0.3485576923076923 0.12980769230769232 0.09375
9 0.7151442307692307 0.2932692307692308 0.09615384615384616 0.08173076923076923
9 0.6201923076923077 0.421875 0.08173076923076923 0.06009615384615385
9 0.75 0.5432692307692307 0.19230769230769232 0.16826923076923078
9 0.8137019230769231 0.7091346153846154 0.08173076923076923 0.10817307692307693
9 0.4855769230769231 0.890625 0.27403846153846156 0.19951923076923078
9 0.6838942307692307 0.7944711538461539 0.15384615384615385 0.1346153846153846
9 0.8858173076923077 0.8713942307692307 0.19471153846153846 0.15865384615384615
9 0.21514423076923078 0.7932692307692307 0.18028846153846154 0.125
9 0.20192307692307693 0.6045673076923077 0.1346153846153846 0.11778846153846154
9 0.40625 0.6814903846153846 0.23557692307692307 0.16826923076923078
9 0.5697115384615384 0.6370192307692307 0.10576923076923077 0.11538461538461539
9 0.5432692307692307 0.25721153846153844 0.14182692307692307 0.08653846153846154