9 0.5 0.8425480769230769 0.18028846153846154 0.31009615384615385
9 0.4182692307692308 0.6153846153846154 0.18990384615384615 0.18028846153846154
9 0.40024038461538464 0.4639423076923077 0.06009615384615385 0.09615384615384616
9 0.4254807692307692 0.30408653846153844 0.08173076923076923 0.16826923076923078
9 0.8870192307692307 0.8930288461538461 0.1875 0.18990384615384615
9 0.7427884615384616 0.8317307692307693 0.06009615384615385 0.10576923076923077
9 0.6622596153846154 0.6358173076923077 0.11057692307692307 0.1778846153846154
9 0.5252403846153846 0.43028846153846156 0.06971153846153846 0.21153846153846154
9 0.8161057692307693 0.27524038461538464 0.3317307692307692 0.4807692307692308
9 0.3016826923076923 0.2548076923076923 0.10336538461538461 0.24519230769230768
9 0.4519230769230769 0.08413461538461539 0.13701923076923078 0.14903846153846154