9 0.84375 0.6586538461538461 0.2403846153846154 0.4254807692307692
9 0.6213942307692307 0.3329326923076923 0.25240384615384615 0.27403846153846156
9 0.7572115384615384 0.07091346153846154 0.09615384615384616 0.11778846153846154
9 0.9387019230769231 0.16706730769230768 0.10096153846153846 0.23557692307692307
9 0.4254807692307692 0.1141826923076923 0.1201923076923077 0.13942307692307693
9 0.53125 0.026442307692307692 0.07692307692307693 0.03365384615384615
9 0.43509615384615385 0.6802884615384616 0.20673076923076922 0.4326923076923077
9 0.3737980769230769 0.3737980769230769 0.12740384615384615 0.25721153846153844
9 0.2512019230769231 0.13221153846153846 0.14903846153846154 0.13942307692307693
9 0.18028846153846154 0.3581730769230769 0.057692307692307696 0.15384615384615385
9 0.12740384615384615 0.3137019230769231 0.057692307692307696 0.08173076923076923
9 0.06490384615384616 0.24278846153846154 0.07451923076923077 0.1346153846153846
9 0.046875 0.453125 0.04807692307692308 0.16826923076923078
9 0.1045673076923077 0.4110576923076923 0.04326923076923077 0.11778846153846154
9 0.07211538461538461 0.7427884615384616 0.10576923076923077 0.3798076923076923
9 0.18028846153846154 0.6021634615384616 0.11057692307692307 0.23317307692307693
9 0.2800480769230769 0.5132211538461539 0.06490384615384616 0.19951923076923078
9 0.2439903846153846 0.7944711538461539 0.11778846153846154 0.16826923076923078