9 0.5108173076923077 0.8185096153846154 0.32211538461538464 0.31009615384615385
9 0.5240384615384616 0.6370192307692307 0.1971153846153846 0.1346153846153846
9 0.7247596153846154 0.5709134615384616 0.11538461538461539 0.10576923076923077
9 0.90625 0.6298076923076923 0.13942307692307693 0.13942307692307693
9 0.9567307692307693 0.49759615384615385 0.08413461538461539 0.10576923076923077
9 0.7680288461538461 0.40384615384615385 0.18509615384615385 0.10336538461538461
9 0.5649038461538461 0.4963942307692308 0.15865384615384615 0.09615384615384616
9 0.38461538461538464 0.49278846153846156 0.14903846153846154 0.10576923076923077
9 0.43149038461538464 0.3954326923076923 0.09615384615384616 0.08653846153846154
9 0.5661057692307693 0.3954326923076923 0.11057692307692307 0.10096153846153846
9 0.6514423076923077 0.3425480769230769 0.15865384615384615 0.04807692307692308
9 0.6057692307692307 0.31009615384615385 0.13942307692307693 0.02403846153846154
9 0.59375 0.296875 0.11057692307692307 0.026442307692307692
9 0.5697115384615384 0.24519230769230768 0.14903846153846154 0.07211538461538461