9 0.5709134615384616 0.5432692307692307 0.057692307692307696 0.13701923076923078
9 0.6045673076923077 0.36899038461538464 0.04807692307692308 0.125
9 0.5276442307692307 0.7860576923076923 0.040865384615384616 0.11298076923076923
9 0.5745192307692307 0.9350961538461539 0.052884615384615384 0.06971153846153846
11 0.4483173076923077 0.3641826923076923 0.08413461538461539 0.16346153846153846
11 0.40384615384615385 0.9759615384615384 0.040865384615384616 0.036057692307692304
11 0.4074519230769231 0.9507211538461539 0.040865384615384616 0.02403846153846154
11 0.4074519230769231 0.9266826923076923 0.036057692307692304 0.026442307692307692
11 0.40865384615384615 0.8990384615384616 0.03125 0.026442307692307692
11 0.4074519230769231 0.8305288461538461 0.036057692307692304 0.040865384615384616
11 0.4026442307692308 0.7860576923076923 0.04326923076923077 0.040865384615384616
11 0.4050480769230769 0.7584134615384616 0.026442307692307692 0.028846153846153848
11 0.4026442307692308 0.7379807692307693 0.02403846153846154 0.016826923076923076
11 0.40865384615384615 0.7019230769230769 0.038461538461538464 0.06971153846153846