9 0.6730769230769231 0.5264423076923077 0.06009615384615385 0.055288461538461536
9 0.7824519230769231 0.5528846153846154 0.08173076923076923 0.036057692307692304
9 0.9302884615384616 0.5853365384615384 0.09375 0.05048076923076923
11 0.10096153846153846 0.4519230769230769 0.11778846153846154 0.019230769230769232
11 0.24879807692307693 0.4375 0.026442307692307692 0.026442307692307692
11 0.28846153846153844 0.4423076923076923 0.021634615384615384 0.03365384615384615
11 0.39783653846153844 0.4338942307692308 0.03365384615384615 0.055288461538461536
11 0.4831730769230769 0.4254807692307692 0.10576923076923077 0.040865384615384616
11 0.7127403846153846 0.42427884615384615 0.06009615384615385 0.04326923076923077
11 0.8269230769230769 0.43990384615384615 0.07451923076923077 0.06009615384615385
11 0.9723557692307693 0.44471153846153844 0.05048076923076923 0.052884615384615384