9 0.42427884615384615 0.7235576923076923 0.23557692307692307 0.14182692307692307
9 0.6586538461538461 0.8377403846153846 0.12740384615384615 0.16826923076923078
9 0.5793269230769231 0.6550480769230769 0.1346153846153846 0.10336538461538461
9 0.5540865384615384 0.5625 0.1201923076923077 0.08173076923076923
9 0.43509615384615385 0.6141826923076923 0.12740384615384615 0.07211538461538461
9 0.43509615384615385 0.515625 0.1346153846153846 0.0625
9 0.5288461538461539 0.4266826923076923 0.08173076923076923 0.04807692307692308
9 0.6370192307692307 0.4807692307692308 0.14903846153846154 0.057692307692307696
9 0.7379807692307693 0.5360576923076923 0.0985576923076923 0.052884615384615384
9 0.8389423076923077 0.32572115384615385 0.1778846153846154 0.12980769230769232
9 0.9411057692307693 0.48197115384615385 0.11538461538461539 0.14903846153846154
9 0.6081730769230769 0.27283653846153844 0.1346153846153846 0.06009615384615385
9 0.6298076923076923 0.3401442307692308 0.0985576923076923 0.04807692307692308
9 0.546875 0.34375 0.07451923076923077 0.036057692307692304
9 0.49278846153846156 0.31850961538461536 0.0625 0.04326923076923077
9 0.40865384615384615 0.35096153846153844 0.11057692307692307 0.04326923076923077
9 0.35697115384615385 0.3786057692307692 0.08173076923076923 0.038461538461538464
9 0.2764423076923077 0.40024038461538464 0.13942307692307693 0.036057692307692304
9 0.3173076923076923 0.4362980769230769 0.08653846153846154 0.038461538461538464
9 0.24519230769230768 0.4699519230769231 0.11778846153846154 0.026442307692307692
9 0.18990384615384615 0.5372596153846154 0.1201923076923077 0.04807692307692308
9 0.12379807692307693 0.5709134615384616 0.12980769230769232 0.07211538461538461
9 0.09134615384615384 0.6694711538461539 0.1778846153846154 0.11057692307692307