9 0.8221153846153846 0.43509615384615385 0.21634615384615385 0.23076923076923078
9 0.4987980769230769 0.42788461538461536 0.15384615384615385 0.20192307692307693
9 0.40865384615384615 0.3473557692307692 0.09134615384615384 0.1778846153846154
9 0.3329326923076923 0.33413461538461536 0.038461538461538464 0.10576923076923077
9 0.30528846153846156 0.40865384615384615 0.03365384615384615 0.09375
9 0.3737980769230769 0.47115384615384615 0.0625 0.12980769230769232
9 0.24519230769230768 0.3858173076923077 0.03365384615384615 0.0625
9 0.4170673076923077 0.6177884615384616 0.09375 0.14423076923076922
9 0.3425480769230769 0.6334134615384616 0.04807692307692308 0.08653846153846154
9 0.29447115384615385 0.6009615384615384 0.05048076923076923 0.057692307692307696
9 0.25600961538461536 0.5432692307692307 0.04326923076923077 0.06009615384615385
9 0.2283653846153846 0.47596153846153844 0.028846153846153848 0.052884615384615384
9 0.7608173076923077 0.8737980769230769 0.20432692307692307 0.16346153846153846