9 0.2548076923076923 0.7403846153846154 0.04807692307692308 0.08653846153846154
9 0.5540865384615384 0.7139423076923077 0.18269230769230768 0.24519230769230768
9 0.6730769230769231 0.40625 0.15384615384615385 0.23076923076923078
9 0.5336538461538461 0.3389423076923077 0.12980769230769232 0.16346153846153846
9 0.328125 0.203125 0.11057692307692307 0.2932692307692308
9 0.46153846153846156 0.14903846153846154 0.07451923076923077 0.12980769230769232
9 0.6129807692307693 0.19471153846153846 0.11538461538461539 0.09615384615384616
9 0.7103365384615384 0.09975961538461539 0.07692307692307693 0.1201923076923077
9 0.3233173076923077 0.42908653846153844 0.06009615384615385 0.11538461538461539
9 0.9435096153846154 0.6826923076923077 0.10096153846153846 0.17548076923076922
9 0.8040865384615384 0.8822115384615384 0.10576923076923077 0.09615384615384616