9 0.45552884615384615 0.5132211538461539 0.06009615384615385 0.040865384615384616
11 0.06370192307692307 0.39903846153846156 0.125 0.4182692307692308
11 0.203125 0.49158653846153844 0.15384615384615385 0.21634615384615385
11 0.32091346153846156 0.44591346153846156 0.12259615384615384 0.17548076923076922
11 0.40024038461538464 0.4411057692307692 0.04567307692307692 0.10817307692307693
11 0.44350961538461536 0.43149038461538464 0.040865384615384616 0.10576923076923077
11 0.47836538461538464 0.43509615384615385 0.03365384615384615 0.08413461538461539
11 0.5060096153846154 0.4182692307692308 0.03365384615384615 0.07211538461538461
11 0.6225961538461539 0.41947115384615385 0.08653846153846154 0.10817307692307693
11 0.7175480769230769 0.4338942307692308 0.10096153846153846 0.15625
11 0.8870192307692307 0.4951923076923077 0.22596153846153846 0.3293269230769231