9 0.19951923076923078 0.5925480769230769 0.3557692307692308 0.4423076923076923
9 0.5036057692307693 0.3641826923076923 0.2548076923076923 0.1875
9 0.7487980769230769 0.6310096153846154 0.2403846153846154 0.2644230769230769
9 0.53125 0.7932692307692307 0.19230769230769232 0.38461538461538464
9 0.9435096153846154 0.7980769230769231 0.08413461538461539 0.11778846153846154
11 0.18990384615384615 0.140625 0.15384615384615385 0.2692307692307692
11 0.49038461538461536 0.15865384615384615 0.1971153846153846 0.2860576923076923
11 0.6622596153846154 0.11177884615384616 0.13221153846153846 0.16346153846153846
11 0.037259615384615384 0.08413461538461539 0.06971153846153846 0.15384615384615385
11 0.3088942307692308 0.055288461538461536 0.04326923076923077 0.07932692307692307
11 0.8954326923076923 0.14903846153846154 0.20432692307692307 0.27403846153846156