9 0.47596153846153844 0.8305288461538461 0.11778846153846154 0.25961538461538464
9 0.5997596153846154 0.6923076923076923 0.125 0.23557692307692307
9 0.46153846153846156 0.6033653846153846 0.1201923076923077 0.16826923076923078
9 0.34975961538461536 0.703125 0.1201923076923077 0.18269230769230768
9 0.25600961538461536 0.7451923076923077 0.07211538461538461 0.11778846153846154
9 0.3329326923076923 0.578125 0.07211538461538461 0.09134615384615384
9 0.33533653846153844 0.47596153846153844 0.07932692307692307 0.09134615384615384
9 0.4338942307692308 0.41947115384615385 0.07692307692307693 0.12980769230769232
9 0.5480769230769231 0.2824519230769231 0.15384615384615385 0.14903846153846154
9 0.5697115384615384 0.1201923076923077 0.13701923076923078 0.11538461538461539
9 0.8629807692307693 0.22596153846153846 0.25240384615384615 0.41346153846153844
9 0.28846153846153844 0.23317307692307693 0.16346153846153846 0.21634615384615385
9 0.3016826923076923 0.040865384615384616 0.057692307692307696 0.07692307692307693
9 0.421875 0.039663461538461536 0.07211538461538461 0.06971153846153846