9 0.6778846153846154 0.31971153846153844 0.17307692307692307 0.09375
9 0.6009615384615384 0.4338942307692308 0.16346153846153846 0.18509615384615385
9 0.7740384615384616 0.4411057692307692 0.12259615384615384 0.0625
9 0.8557692307692307 0.5949519230769231 0.2860576923076923 0.15865384615384615
9 0.7223557692307693 0.7896634615384616 0.2980769230769231 0.25961538461538464
9 0.30528846153846156 0.7728365384615384 0.4375 0.3918269230769231
9 0.4387019230769231 0.38822115384615385 0.10096153846153846 0.10336538461538461
9 0.34134615384615385 0.46634615384615385 0.09615384615384616 0.0625
9 0.49399038461538464 0.2620192307692308 0.1201923076923077 0.0985576923076923
9 0.6971153846153846 0.24639423076923078 0.09134615384615384 0.052884615384615384
9 0.671875 0.16947115384615385 0.07692307692307693 0.03365384615384615
9 0.515625 0.12139423076923077 0.09375 0.04567307692307692
9 0.47475961538461536 0.17307692307692307 0.14423076923076922 0.07211538461538461