9 0.43990384615384615 0.5805288461538461 0.05048076923076923 0.04567307692307692
11 0.5252403846153846 0.9026442307692307 0.36778846153846156 0.18990384615384615
11 0.47836538461538464 0.7752403846153846 0.16826923076923078 0.10096153846153846
11 0.49399038461538464 0.6887019230769231 0.15144230769230768 0.09375
11 0.5084134615384616 0.6322115384615384 0.08173076923076923 0.052884615384615384
11 0.5096153846153846 0.5865384615384616 0.09375 0.04807692307692308
11 0.5132211538461539 0.5612980769230769 0.055288461538461536 0.02403846153846154
11 0.5108173076923077 0.5456730769230769 0.036057692307692304 0.01201923076923077
11 0.5060096153846154 0.5204326923076923 0.040865384615384616 0.040865384615384616
11 0.5096153846153846 0.3918269230769231 0.10817307692307693 0.07451923076923077
11 0.4963942307692308 0.3293269230769231 0.11057692307692307 0.0673076923076923
11 0.4206730769230769 0.18028846153846154 0.3605769230769231 0.3605769230769231