9 0.48677884615384615 0.8894230769230769 0.20192307692307693 0.19230769230769232
9 0.41586538461538464 0.6045673076923077 0.45913461538461536 0.2620192307692308
9 0.27403846153846156 0.9098557692307693 0.1201923076923077 0.11538461538461539
9 0.8641826923076923 0.40865384615384615 0.2668269230769231 0.24519230769230768
9 0.5661057692307693 0.2548076923076923 0.09615384615384616 0.08413461538461539
9 0.421875 0.15985576923076922 0.23076923076923078 0.10096153846153846
9 0.25721153846153844 0.09615384615384616 0.27403846153846156 0.12980769230769232
9 0.8689903846153846 0.20793269230769232 0.12740384615384615 0.08653846153846154
9 0.8605769230769231 0.10216346153846154 0.22115384615384615 0.0889423076923077
9 0.8918269230769231 0.018028846153846152 0.14423076923076922 0.03365384615384615
9 0.6225961538461539 0.08173076923076923 0.07692307692307693 0.09375
9 0.06610576923076923 0.6286057692307693 0.10096153846153846 0.4879807692307692