9 0.46274038461538464 0.8125 0.04807692307692308 0.07451923076923077
9 0.44711538461538464 0.7091346153846154 0.038461538461538464 0.07211538461538461
9 0.5516826923076923 0.7259615384615384 0.06971153846153846 0.08653846153846154
9 0.5084134615384616 0.4579326923076923 0.06971153846153846 0.1201923076923077
9 0.47115384615384615 0.28966346153846156 0.09615384615384616 0.15865384615384615
9 0.36538461538461536 0.4891826923076923 0.10336538461538461 0.11778846153846154
9 0.5913461538461539 0.8798076923076923 0.06971153846153846 0.10096153846153846
9 0.7331730769230769 0.7584134615384616 0.08173076923076923 0.08653846153846154
9 0.7355769230769231 0.6322115384615384 0.0625 0.09134615384615384
9 0.8149038461538461 0.6670673076923077 0.06971153846153846 0.07932692307692307
9 0.9579326923076923 0.6310096153846154 0.07692307692307693 0.10096153846153846
9 0.8930288461538461 0.43149038461538464 0.11298076923076923 0.14423076923076922