9 0.8581730769230769 0.47836538461538464 0.22115384615384615 0.20432692307692307
9 0.7367788461538461 0.23076923076923078 0.13942307692307693 0.18269230769230768
9 0.5168269230769231 0.15745192307692307 0.10576923076923077 0.23557692307692307
9 0.7007211538461539 0.027644230769230768 0.11298076923076923 0.05048076923076923
9 0.4206730769230769 0.16947115384615385 0.08173076923076923 0.1466346153846154
9 0.3245192307692308 0.30288461538461536 0.07211538461538461 0.11298076923076923
9 0.4735576923076923 0.46634615384615385 0.0625 0.14423076923076922
9 0.5516826923076923 0.44471153846153844 0.06009615384615385 0.1346153846153846
9 0.5384615384615384 0.6550480769230769 0.08413461538461539 0.16826923076923078
9 0.37740384615384615 0.515625 0.08413461538461539 0.13221153846153846
9 0.28966346153846156 0.5564903846153846 0.03125 0.10576923076923077
9 0.25721153846153844 0.671875 0.036057692307692304 0.08653846153846154
9 0.21394230769230768 0.7091346153846154 0.04326923076923077 0.10817307692307693
9 0.2091346153846154 0.4567307692307692 0.040865384615384616 0.0985576923076923
9 0.15985576923076922 0.5757211538461539 0.06009615384615385 0.24519230769230768
9 0.09735576923076923 0.609375 0.04326923076923077 0.08653846153846154
9 0.13581730769230768 0.7415865384615384 0.07451923076923077 0.06490384615384616
9 0.055288461538461536 0.6790865384615384 0.038461538461538464 0.06490384615384616