1 0.32572115384615385 0.11538461538461539 0.18509615384615385 0.1971153846153846
0 0.9591346153846154 0.18990384615384615 0.028846153846153848 0.3798076923076923
0 0.7728365384615384 0.3557692307692308 0.31971153846153844 0.040865384615384616
0 0.5444711538461539 0.028846153846153848 0.18990384615384615 0.04807692307692308
0 0.5120192307692307 0.3125 0.12259615384615384 0.026442307692307692
2 0.23677884615384615 0.9146634615384616 0.3629807692307692 0.17067307692307693
2 0.3329326923076923 0.5360576923076923 0.17067307692307693 0.11538461538461539
2 0.47596153846153844 0.84375 0.11538461538461539 0.15384615384615385
2 0.7716346153846154 0.7127403846153846 0.2403846153846154 0.0673076923076923
2 0.6514423076923077 0.5805288461538461 0.16826923076923078 0.09375
2 0.8882211538461539 0.6213942307692307 0.16826923076923078 0.08413461538461539
2 0.9699519230769231 0.5180288461538461 0.06009615384615385 0.05048076923076923
2 0.5817307692307693 0.421875 0.11298076923076923 0.08413461538461539
2 0.7331730769230769 0.44471153846153844 0.18509615384615385 0.06490384615384616
2 0.4483173076923077 0.6274038461538461 0.06009615384615385 0.057692307692307696