1 0.10817307692307693 0.34375 0.21634615384615385 0.1971153846153846
2 0.6141826923076923 0.4375 0.43028846153846156 0.30288461538461536
2 0.8689903846153846 0.10817307692307693 0.2620192307692308 0.21153846153846154
2 0.5757211538461539 0.06610576923076923 0.17307692307692307 0.09375
2 0.6442307692307693 0.018028846153846152 0.07692307692307693 0.036057692307692304
2 0.5072115384615384 0.004807692307692308 0.14903846153846154 0.009615384615384616
0 0.28966346153846156 0.859375 0.20673076923076922 0.02403846153846154
0 0.9699519230769231 0.6514423076923077 0.06009615384615385 0.02403846153846154
0 0.5444711538461539 0.7944711538461539 0.04567307692307692 0.4110576923076923
0 0.46274038461538464 0.8052884615384616 0.12740384615384615 0.028846153846153848
0 0.7415865384615384 0.7103365384615384 0.2692307692307692 0.057692307692307696