2 0.48011857707509886 0.4572037914691943 0.06587615283267458 0.05296208530805688
2 0.6277602108036892 0.7736255924170616 0.13640316205533598 0.15890995260663507
2 0.5797101449275363 0.5687203791469194 0.13019762845849803 0.1477488151658768
2 0.6862714097496706 0.48090047393364926 0.07673254281949934 0.08642180094786729
2 0.8021343873517788 0.7081042654028435 0.16895915678524376 0.13101895734597155
2 0.7881949934123847 0.878175355450237 0.1457048748353096 0.15890995260663507
2 0.9382740447957839 0.8509952606635072 0.12346508563899868 0.16867298578199053
2 0.8726613965744401 0.6091469194312796 0.18600790513833992 0.10035545023696683
2 0.7436231884057971 0.42722748815165873 0.13718050065876153 0.08225118483412322
2 0.14065876152832676 0.9355924170616113 0.10462450592885375 0.1287914691943128
2 0.6719367588932806 0.9363033175355451 0.08990777338603424 0.12739336492890996
2 0.27202898550724636 0.6913744075829383 0.3952569169960474 0.3010900473933649
2 0.24218708827404478 0.43559241706161134 0.05812911725955204 0.051563981042654035
2 0.9204479578392621 0.3777488151658768 0.15910408432147563 0.06691943127962086