2 0.3088942307692308 0.20072115384615385 0.14182692307692307 0.0985576923076923
2 0.30528846153846156 0.08413461538461539 0.1201923076923077 0.09134615384615384
0 0.8257211538461539 0.3762019230769231 0.31971153846153844 0.1658653846153846
0 0.6923076923076923 0.09254807692307693 0.12980769230769232 0.08653846153846154
2 0.036057692307692304 0.7584134615384616 0.07211538461538461 0.17548076923076922
0 0.890625 0.6069711538461539 0.21875 0.036057692307692304
0 0.8966346153846154 0.7860576923076923 0.20673076923076922 0.057692307692307696
0 0.6454326923076923 0.9387019230769231 0.18269230769230768 0.026442307692307692
0 0.41586538461538464 0.6971153846153846 0.07211538461538461 0.028846153846153848
0 0.6610576923076923 0.6358173076923077 0.2548076923076923 0.09134615384615384
1 0.5072115384615384 0.7295673076923077 0.0625 0.5408653846153846