2 0.13560471976401178 0.9717060367454069 0.08112094395280237 0.05658792650918635
2 0.4056047197640118 0.9106036745406824 0.1425811209439528 0.10937007874015749
2 0.5448967551622419 0.9536220472440945 0.0671976401179941 0.06708661417322834
2 0.5379351032448378 0.8304199475065617 0.059823008849557525 0.051023622047244095
2 0.45436578171091446 0.8267716535433071 0.04998525073746313 0.05832020997375328
2 0.4625516224188791 0.7553280839895012 0.10078171091445427 0.0758267716535433
2 0.5576106194690266 0.5956430446194225 0.04507374631268436 0.042283464566929135
2 0.5977581120943952 0.6590813648293964 0.06637168141592921 0.04375328083989502
2 0.6448672566371682 0.748766404199475 0.07047197640117994 0.09769028871391076
2 0.7108259587020649 0.6860629921259842 0.03523598820058997 0.05396325459317585
2 0.6866666666666666 0.5920209973753281 0.1130825958702065 0.05832020997375328
2 0.7296755162241888 0.5511811023622047 0.04178466076696165 0.026246719160104987
2 0.7542625368731564 0.5285826771653543 0.018849557522123892 0.03062992125984252
2 0.7804867256637168 0.610236220472441 0.023761061946902653 0.03062992125984252
2 0.7771976401179942 0.6867979002624672 0.03687315634218289 0.0379002624671916
2 0.2859734513274336 0.696272965879265 0.298259587020649 0.22018372703412073