2 0.203125 0.6701333333333334 0.2125 0.2597111111111111
2 0.2109375 0.39444444444444443 0.11875 0.09722222222222222
2 0.1046875 0.3840222222222222 0.0390625 0.04028888888888889
2 0.5882875 0.5965333333333334 0.1890625 0.1875111111111111
2 0.94375 0.47431111111111113 0.1125 0.10693333333333332
2 0.8277375 0.4 0.10078749999999999 0.1111111111111111
2 0.8976625 0.3229111111111111 0.071875 0.054177777777777776
2 0.682025 0.3986 0.0703125 0.08888888888888889
2 0.6285125 0.3465333333333333 0.049225000000000005 0.029177777777777778
2 0.4195375 0.4132 0.1171875 0.05695555555555555
2 0.526175 0.3736222222222222 0.10235 0.058333333333333334
2 0.4078125 0.2826444444444444 0.1 0.05973333333333333