2 0.7518555555555555 0.5902833333333334 0.0963 0.052783333333333335
2 0.5101888888888889 0.5882000000000001 0.08888888888888889 0.12638333333333332
2 0.4851888888888889 0.8242999999999999 0.13147777777777778 0.10971666666666667
2 0.6958333333333333 0.88055 0.12685555555555555 0.08611666666666667
2 0.6296333333333333 0.7770833333333333 0.07036666666666666 0.06528333333333333
2 0.569911111111111 0.6791666666666667 0.0713 0.030549999999999997
2 0.4754666666666667 0.71945 0.05277777777777778 0.061116666666666666
2 0.3023111111111111 0.5111166666666667 0.12685555555555555 0.08055
0 0.2361111111111111 0.24930000000000002 0.1388888888888889 0.05971666666666666
0 0.3273111111111111 0.40625 0.23055555555555557 0.14028333333333334
0 0.6763888888888889 0.38125 0.3416666666666667 0.22083333333333333