2 0.47174999999999995 0.4701953125 0.05462500000000001 0.0491796875
2 0.611575 0.418125 0.06575 0.0549609375
2 0.407875 0.8412890625 0.058324999999999995 0.0911328125
0 0.20647500000000002 0.588125 0.366675 0.270546875
2 0.131475 0.5844921875 0.11109999999999999 0.07234375
2 0.41945 0.4709375 0.037025 0.0390625
0 0.8212999999999999 0.661171875 0.3574 0.3240625
0 0.916675 0.44125 0.1463 0.1128515625
0 0.71435 0.3884375 0.1361 0.09984375
0 0.542125 0.4615234375 0.07315 0.1128515625
0 0.67315 0.295859375 0.10925000000000001 0.047734375