2 0.612025 0.6786542056074766 0.1971125 0.10639252336448599
2 0.6447125 0.5456448598130842 0.14135 0.0819626168224299
2 0.775475 0.5097009345794392 0.09711249999999999 0.08770093457943925
2 0.9322125 0.5255140186915888 0.09518750000000001 0.05895327102803738
2 0.7908625 0.6261682242990654 0.106725 0.07332710280373832
2 0.6115375000000001 0.8677196261682243 0.1326875 0.09633644859813084
2 0.8778874999999999 0.7174766355140187 0.1634625 0.06900934579439252
2 0.8923125000000001 0.8274579439252336 0.076925 0.06183177570093457
2 0.3091375 0.5974205607476636 0.12788750000000002 0.08770093457943925
2 0.1798125 0.6398317757009346 0.076925 0.06039252336448599
2 0.118275 0.801588785046729 0.057687499999999996 0.11071028037383177
2 0.312975 0.9586542056074766 0.15865 0.08267289719626168
2 0.3721125 0.7282616822429907 0.1076875 0.11358878504672898
2 0.419225 0.4399626168224299 0.08268750000000001 0.06039252336448599
2 0.6956749999999999 0.4414018691588785 0.13942500000000002 0.05175700934579439
2 0.399525 0.32422429906542055 0.0759625 0.03594392523364486
2 0.539425 0.3220747663551402 0.09231249999999999 0.04601869158878505
2 0.8043250000000001 0.32781308411214954 0.36634999999999995 0.08914018691588785
2 0.34952500000000003 0.2559252336448598 0.064425 0.023009345794392524
2 0.25239999999999996 0.26097196261682243 0.052887500000000004 0.021570093457943924
2 0.21586249999999998 0.5061121495327102 0.064425 0.04887850467289719
2 0.34135 0.49603738317757007 0.1346125 0.04887850467289719
2 0.8908625000000001 0.5894953271028037 0.07403749999999999 0.07188785046728972
2 0.8302875000000001 0.41553271028037386 0.1259625 0.04601869158878505
2 0.28364999999999996 0.33573831775700935 0.0634625 0.04457943925233645
2 0.355775 0.3544299065420561 0.048075 0.038822429906542055