2 0.14926517571884984 0.6032093023255813 0.18670926517571884 0.1686046511627907
2 0.07937699680511182 0.45567441860465113 0.1367891373801917 0.07995348837209303
2 0.3454472843450479 0.5741395348837209 0.045926517571884984 0.06395348837209303
2 0.7557987220447284 0.7754418604651163 0.16773162939297126 0.10611627906976745
2 0.9275239616613419 0.8037906976744186 0.08386581469648563 0.061046511627906974
2 0.9310063897763577 0.9215116279069767 0.12878594249201278 0.1308139534883721
2 0.7792492012779553 0.383 0.08287539936102237 0.05088372093023256
2 0.9165335463258786 0.42660465116279067 0.07188498402555911 0.03632558139534883
2 0.8715974440894568 0.617 0.21964856230031948 0.09448837209302326
2 0.6324920127795527 0.5574186046511628 0.08087859424920128 0.07704651162790699
2 0.5361501597444089 0.44839534883720933 0.03194888178913738 0.03634883720930233
2 0.5306549520766773 0.30160465116279067 0.0649041533546326 0.03344186046511628
0 0.3130031948881789 0.41788372093023257 0.3025239616613418 0.18460465116279068
0 0.08487220447284345 0.29069767441860467 0.1597444089456869 0.16279069767441862