2 0.17896666666666666 0.8347337278106508 0.06586666666666667 0.12819526627218936
2 0.28175 0.671301775147929 0.10476666666666666 0.09437869822485206
2 0.37183333333333335 0.82698224852071 0.07698333333333333 0.12115384615384617
2 0.36111666666666664 0.5565088757396449 0.13016666666666665 0.11272189349112427
2 0.4388833333333333 0.4254733727810651 0.04126666666666667 0.05355029585798817
2 0.49445 0.4529585798816568 0.055549999999999995 0.1056508875739645
2 0.6027833333333333 0.41843195266272193 0.06746666666666666 0.04508875739644971
2 0.4623 0.34940828402366864 0.034133333333333335 0.042278106508875736
2 0.43413333333333337 0.729792899408284 0.14761666666666665 0.11272189349112427
0 0.5900833333333334 0.6628698224852071 0.1642833333333333 0.2888165680473373
0 0.5496 0.3282544378698225 0.11666666666666667 0.07044378698224851
2 0.41785 0.33952662721893495 0.034133333333333335 0.022544378698224853
2 0.33413333333333334 0.3423372781065089 0.0508 0.022544378698224853