2 0.099075 0.3770875 0.074075 0.04305
2 0.14907499999999999 0.28125 0.04259166666666667 0.029162499999999997
2 0.09213333333333333 0.25625 0.047225 0.034725
2 0.04351666666666667 0.23541250000000002 0.037033333333333335 0.034725
2 0.16296666666666668 0.16945 0.037033333333333335 0.019450000000000002
2 0.38333333333333336 0.1875 0.04815 0.03055
2 0.33935000000000004 0.2201375 0.045366666666666666 0.034725
2 0.31435 0.32847499999999996 0.06203333333333333 0.03195
2 0.43286666666666673 0.253475 0.03981666666666667 0.026387499999999998
2 0.21110833333333334 0.6548625 0.09815 0.065275
2 0.47129999999999994 0.515275 0.17777500000000002 0.10554999999999999
2 0.7046333333333333 0.50695 0.1 0.047225
2 0.72315 0.6798625 0.1537 0.09305
2 0.5282416666666666 0.4375 0.12315 0.0611125