2 0.6879674796747968 0.18477611940298508 0.06271544715447154 0.04832835820895523
2 0.7282276422764228 0.2324179104477612 0.08439024390243902 0.04976119402985075
2 0.7742926829268293 0.14641791044776117 0.07588617886178863 0.04265671641791045
2 0.8192032520325203 0.2722089552238806 0.05110569105691057 0.044059701492537316
2 0.7843577235772358 0.34826865671641793 0.09910569105691057 0.06823880597014925
2 0.3673983739837398 0.8408059701492537 0.15253658536585366 0.23170149253731345
2 0.5292357723577236 0.6218805970149254 0.23770731707317072 0.1947462686567164
2 0.27022764227642276 0.4897014925373135 0.22455284552845528 0.1577910447761194
2 0.4343739837398374 0.4371044776119403 0.10221138211382114 0.09808955223880597
2 0.08014634146341464 0.30776119402985075 0.09988617886178862 0.07250746268656716
2 0.18079674796747966 0.35182089552238804 0.07821138211382114 0.06397014925373135
2 0.2911382113821138 0.3475522388059702 0.06039024390243902 0.044059701492537316
2 0.2531869918699187 0.2622686567164179 0.07588617886178863 0.04976119402985075
2 0.23848780487804877 0.2061194029850746 0.057300813008130086 0.045492537313432835
2 0.3070081300813008 0.19970149253731345 0.05032520325203252 0.0326865671641791
2 0.3728292682926829 0.27364179104477615 0.14479674796747968 0.10092537313432837
2 0.505609756097561 0.3105970149253731 0.08052032520325204 0.055432835820895525
2 0.36352845528455285 0.12083582089552238 0.04413008130081301 0.045492537313432835
2 0.17964227642276423 0.13005970149253732 0.03717073170731707 0.08101492537313433
2 0.2690731707317073 0.06680597014925373 0.11073170731707316 0.11656716417910447
2 0.18195121951219514 0.054716417910447755 0.06504065040650407 0.07817910447761195
2 0.3910243902439024 0.0462089552238806 0.0975609756097561 0.08388059701492538
2 0.7564878048780488 0.9662388059701492 0.0975609756097561 0.0675223880597015
2 0.9738699186991869 0.35182089552238804 0.05226016260162602 0.055432835820895525
2 0.6206016260162602 0.0462089552238806 0.03949593495934959 0.06397014925373135
2 0.538520325203252 0.057582089552238806 0.05652032520325203 0.07534328358208955