1 0.1875 0.31490384615384615 0.375 0.6298076923076923
2 0.7560096153846154 0.49399038461538464 0.23317307692307693 0.27163461538461536
2 0.765625 0.18629807692307693 0.07451923076923077 0.1466346153846154
2 0.828125 0.11658653846153846 0.06009615384615385 0.09375
2 0.8677884615384616 0.27283653846153844 0.0625 0.09375
2 0.9855769230769231 0.31009615384615385 0.028846153846153848 0.08173076923076923
2 0.671875 0.06129807692307692 0.13701923076923078 0.12259615384615384
0 0.2824519230769231 0.8149038461538461 0.03125 0.3701923076923077
2 0.6911057692307693 0.9783653846153846 0.15625 0.04326923076923077
2 0.796875 0.9050480769230769 0.05048076923076923 0.04807692307692308
2 0.7283653846153846 0.8737980769230769 0.036057692307692304 0.038461538461538464
0 0.9435096153846154 0.9471153846153846 0.11298076923076923 0.10576923076923077