1 0.6334134615384616 0.47475961538461536 0.36778846153846156 0.12740384615384615
1 0.6538461538461539 0.3016826923076923 0.40865384615384615 0.16105769230769232
1 0.7439903846153846 0.109375 0.3870192307692308 0.13942307692307693
1 0.8221153846153846 0.02403846153846154 0.32211538461538464 0.04807692307692308
2 0.11177884615384616 0.9675480769230769 0.06009615384615385 0.04326923076923077
2 0.18990384615384615 0.9579326923076923 0.06009615384615385 0.04326923076923077
2 0.14543269230769232 0.8846153846153846 0.04567307692307692 0.02403846153846154
2 0.02403846153846154 0.8617788461538461 0.04807692307692308 0.040865384615384616
2 0.16346153846153846 0.8353365384615384 0.026442307692307692 0.02403846153846154
2 0.23557692307692307 0.8485576923076923 0.08173076923076923 0.06490384615384616
2 0.23918269230769232 0.7776442307692307 0.0673076923076923 0.057692307692307696
2 0.25841346153846156 0.734375 0.03365384615384615 0.02403846153846154
2 0.27163461538461536 0.7067307692307693 0.028846153846153848 0.026442307692307692
2 0.06971153846153846 0.8149038461538461 0.03365384615384615 0.038461538461538464
2 0.09014423076923077 0.7103365384615384 0.036057692307692304 0.026442307692307692
2 0.03125 0.734375 0.038461538461538464 0.02403846153846154
2 0.6153846153846154 0.8918269230769231 0.3317307692307692 0.21634615384615385