0 0.14897486772486773 0.25148809523809523 0.19411375661375663 0.06646825396825397
0 0.38310185185185186 0.2560763888888889 0.10284391534391535 0.05084325396825397
0 0.6053240740740741 0.2569444444444444 0.11474867724867725 0.06746031746031746
0 0.23776455026455026 0.3165922619047619 0.056216931216931214 0.057787698412698416
0 0.5342261904761905 0.326140873015873 0.13128306878306878 0.07688492063492064
0 0.7175925925925926 0.3413938492063492 0.1349206349206349 0.09250992063492064
0 0.12748015873015872 0.37710813492063494 0.11144179894179894 0.06969246031746032
0 0.38293650793650796 0.39112103174603174 0.1164021164021164 0.07787698412698413
0 0.3030753968253968 0.4425843253968254 0.15707671957671956 0.10639880952380952
0 0.6236772486772487 0.46999007936507936 0.1970899470899471 0.09176587301587301
0 0.1744378306878307 0.5720486111111112 0.18287037037037038 0.1470734126984127
0 0.45105820105820105 0.7041170634920635 0.26455026455026454 0.15823412698412698
1 0.38955026455026454 0.1535218253968254 0.4537037037037037 0.10863095238095238