0 0.8232349841938883 0.6710191082802548 0.3535300316122234 0.5560509554140127
1 0.4159641728134879 0.1805732484076433 0.16174920969441517 0.027388535031847135
1 0.23024236037934667 0.19490445859872613 0.1380400421496312 0.030573248407643312
1 0.4157007376185458 0.2143312101910828 0.22233930453108536 0.0464968152866242
1 0.15700737618545837 0.23630573248407644 0.1970495258166491 0.049681528662420385
1 0.398840885142255 0.2818471337579618 0.3329820864067439 0.0732484076433121
1 0.11143308746048472 0.3003184713375796 0.21443624868282402 0.07834394904458598
0 0.6443624868282403 0.3146496815286624 0.17175974710221287 0.15796178343949044
2 0.07270811380400422 0.37898089171974525 0.029504741833508957 0.025477707006369428
1 0.7144362486828241 0.4627388535031847 0.09905163329820864 0.14203821656050955
1 0.36116965226554265 0.4643312101910828 0.6317175974710221 0.18980891719745224
0 0.03424657534246575 0.46656050955414013 0.0547945205479452 0.10509554140127389