0 0.7118733509234828 0.6797323135755258 0.22585751978891822 0.6328871892925431
2 0.5817941952506597 0.07393244104525175 0.016358839050131926 0.017845761631612493
0 0.6973614775725594 0.08636073932441045 0.08390501319261214 0.11790949649458253
2 0.5883905013192612 0.10261312938177183 0.01899736147757256 0.024219247928616953
0 0.1841688654353562 0.13001912045889102 0.11715039577836411 0.11982154238368388
0 0.596042216358839 0.13224984066284257 0.11240105540897098 0.26449968132568513
0 0.7656992084432718 0.19949012109623965 0.08654353562005276 0.1147227533460803
1 0.5633245382585752 0.0207138304652645 0.03218997361477573 0.041427660930529
2 0.6182058047493404 0.20936902485659656 0.031134564643799472 0.04652644996813257
0 0.06279683377308708 0.24537922243467178 0.12559366754617415 0.15296367112810708
0 0.21715039577836412 0.24920331421287445 0.12506596306068601 0.13894200127469725
0 0.8430079155672823 0.32217973231357555 0.11134564643799472 0.13065646908859146
0 0.08944591029023746 0.4365838113448056 0.16728232189973616 0.21669853409815168
0 0.9424802110817943 0.4786488209050351 0.11503957783641161 0.18992989165073296