0 0.9133053954950235 0.6422686945500634 0.1566265060240964 0.22370088719898606
0 0.13881613410162388 0.6514575411913816 0.27763226820324777 0.3485424588086185
1 0.5759559979046621 0.6885297845373891 0.05919329491880566 0.058935361216730035
0 0.7786799371398638 0.8380861850443599 0.3504452592980618 0.3238276299112801
0 0.5259298061812467 0.09917617237008872 0.05657412257726559 0.052598225602027884
0 0.5948140387637506 0.17839036755386564 0.10529072812991094 0.10329531051964512
0 0.31639601885804086 0.20785804816223066 0.0534311157674175 0.09505703422053231
0 0.5796228391828182 0.28200253485424587 0.1639601885804086 0.20278833967046894
0 0.6749607124148769 0.2870722433460076 0.09900471451021477 0.11406844106463879
0 0.23651126244106863 0.31875792141951836 0.08748035620743845 0.13307984790874525
0 0.26715557883708746 0.3615335868187579 0.1644840230487166 0.23130544993662863
0 0.7784180199057098 0.43567807351077315 0.143530644316396 0.18694550063371357
0 0.14012572027239392 0.4489860583016477 0.09376636982713463 0.1476552598225602
0 0.6917234154007333 0.529467680608365 0.2572027239392352 0.28200253485424587
0 0.048454688318491354 0.5741444866920152 0.07805133577789418 0.13181242078580482