0 0.8759200841219769 0.6729179910998093 0.24815983175604628 0.357914812460267
1 0.8112513144058885 0.7622377622377622 0.3711882229232387 0.4755244755244755
1 0.47975814931650895 0.17355371900826447 0.11514195583596215 0.01652892561983471
1 0.3257097791798107 0.19230769230769232 0.11724500525762356 0.01589319771137953
1 0.4784437434279706 0.20279720279720279 0.17034700315457413 0.030514939605848695
1 0.2820715036803365 0.21678321678321677 0.129863301787592 0.030514939605848695
1 0.4668769716088328 0.23712650985378259 0.22292323869610936 0.03178639542275906
1 0.21267087276551 0.25111252383979654 0.20347003154574134 0.03814367450731087
1 0.453732912723449 0.3029243483788938 0.31230283911671924 0.05912269548633185
0 0.2684016824395373 0.3076923076923077 0.03627760252365931 0.04322949777495232
1 0.12355415352260778 0.31214240305149393 0.24395373291272346 0.062301335028607754
1 0.6035751840168244 0.3210425937698665 0.07676130389064142 0.03814367450731087
0 0.18796004206098843 0.3785759694850604 0.10988433228180862 0.07946598855689765
1 0.630651945320715 0.3820724729815639 0.10672975814931651 0.07501589319771138
0 0.7074132492113565 0.4020979020979021 0.13722397476340695 0.168467895740623
1 0.3722397476340694 0.4729815638906548 0.7444794952681388 0.10680228862047043
0 0.0804416403785489 0.4809281627463446 0.07045215562565721 0.09090909090909091
1 0.052576235541535225 0.6284170375079466 0.0914826498422713 0.11633820724729815