1 0.19267264101212442 0.7047619047619048 0.38534528202424884 0.13333333333333333
0 0.4504480759093305 0.7698412698412699 0.33368476541908276 0.1873015873015873
2 0.43331576172904585 0.08507936507936507 0.025303110173958882 0.030476190476190476
1 0.8144438587243016 0.8561904761904762 0.37111228255139694 0.22031746031746033
0 0.06273062730627306 0.8825396825396825 0.11702688455455983 0.20317460317460317
2 0.39246178176067475 0.023174603174603174 0.022667369530838165 0.02095238095238095
0 0.7899314707432789 0.22952380952380952 0.1312598840274117 0.1288888888888889
0 0.9277807063784923 0.24063492063492065 0.13494992092778071 0.11936507936507937
0 0.32156035846072745 0.3415873015873016 0.15498154981549817 0.3238095238095238
0 0.9011597258829731 0.38825396825396824 0.19768054823405376 0.20507936507936508
2 0.36742224565102793 0.05333333333333334 0.027411702688455455 0.030476190476190476
0 0.9101212440695835 0.58 0.17975751186083289 0.12253968253968255