1 0.6573389651531151 0.6563299232736572 0.21964097148891235 0.09398976982097186
1 0.824181626187962 0.7404092071611253 0.133051742344245 0.11125319693094629
0 0.8405491024287223 0.7586317135549873 0.31890179514255546 0.44948849104859334
1 0.44931362196409713 0.7742966751918159 0.8321013727560718 0.20332480818414322
1 0.1351636747624076 0.8909846547314578 0.2703273495248152 0.1170076726342711
1 0.7581837381203802 0.921994884910486 0.41816261879619854 0.15089514066496162
1 0.5398627243928195 0.33184143222506396 0.02692713833157339 0.017902813299232736
1 0.5472544878563886 0.35358056265984655 0.04382259767687434 0.02557544757033248
1 0.31784582893347413 0.40025575447570333 0.518479408658923 0.043478260869565216
1 0.5731256599788807 0.4178388746803069 0.049102428722280884 0.07864450127877237
1 0.3252375923970433 0.48145780051150894 0.6504751847940866 0.05115089514066496
1 0.6599788806758183 0.4904092071611253 0.08130939809926083 0.0741687979539642
0 0.12011615628299895 0.5914322250639387 0.2317845828933474 0.18542199488491048