0 0.8385389094759131 0.9024777636594663 0.1026998411858126 0.1937738246505718
2 0.6500794070937004 0.09879288437102922 0.024351508734780307 0.01588310038119441
0 0.6445209105346744 0.10546378653113088 0.09581789306511382 0.18297331639135958
0 0.1212281630492324 0.11118170266836086 0.22339862361037585 0.22236340533672172
2 0.6646373742721017 0.147712833545108 0.026998411858125994 0.028589580686149935
0 0.24113287453679194 0.17534942820838628 0.1424033880359979 0.21473951715374842
0 0.9200635256749603 0.2846251588310038 0.1514028586553732 0.24777636594663277
2 0.28930651138168345 0.28621346886912324 0.05452620434092112 0.04764930114358323
1 0.5804658549497088 0.30432020330368487 0.0757014293276866 0.043202033036848796
0 0.6093170989941769 0.30495552731893266 0.5431445209105347 0.03811944091486658
0 0.6895182636315511 0.35927573062261753 0.1328745367919534 0.20648030495552733
2 0.5796717840127051 0.3916772554002541 0.08258337744838538 0.12261753494282084
2 0.6326098464796188 0.04351969504447268 0.029645314981471677 0.040025412960609914
0 0.7599258867125464 0.5565438373570522 0.11169931180518793 0.17026683608640406