0 0.8151371308016878 0.6654952076677316 0.3697257383966245 0.42364217252396164
2 0.046413502109704644 0.6766773162939297 0.029535864978902954 0.02428115015974441
0 0.1252637130801688 0.7686900958466454 0.2209915611814346 0.41214057507987223
1 0.5783227848101266 0.33003194888178916 0.05959915611814346 0.053035143769968054
0 0.616824894514768 0.36166134185303517 0.15453586497890295 0.1584664536741214
1 0.38633966244725737 0.3817891373801917 0.4319620253164557 0.03514376996805112
2 0.33306962025316456 0.3987220447284345 0.03533755274261603 0.06261980830670927
1 0.6075949367088608 0.40447284345047924 0.07278481012658228 0.060063897763578275
1 0.18143459915611815 0.4329073482428115 0.27531645569620256 0.054313099041533544
1 0.5065928270042194 0.4386581469648562 0.2842827004219409 0.04664536741214057
1 0.6877637130801688 0.5143769968051118 0.16033755274261605 0.11501597444089456
1 0.11867088607594936 0.5645367412140575 0.2289029535864979 0.11693290734824281
1 0.49630801687763715 0.576996805111821 0.5833333333333334 0.10223642172523961
2 0.08676160337552742 0.6236421725239617 0.05959915611814346 0.05623003194888179
1 0.7397151898734177 0.6252396166134185 0.15875527426160338 0.08498402555910543