0 0.5487869198312236 0.9610481586402266 0.3328059071729958 0.03824362606232295
1 0.571993670886076 0.136685552407932 0.011075949367088608 0.015580736543909348
1 0.5883438818565401 0.15793201133144477 0.014240506329113924 0.015580736543909348
0 0.5282172995780591 0.1643059490084986 0.10812236286919831 0.019830028328611898
0 0.6700949367088608 0.165014164305949 0.09862869198312237 0.021246458923512748
0 0.6685126582278481 0.16572237960339944 0.06909282700421941 0.0339943342776204
1 0.4380274261603376 0.18838526912181303 0.025843881856540084 0.019830028328611898
0 0.7296940928270043 0.20184135977337112 0.07120253164556962 0.03824362606232295
1 0.6358122362869199 0.20538243626062322 0.037447257383966245 0.028328611898016998
0 0.5308544303797469 0.2188385269121813 0.17035864978902954 0.024079320113314446
1 0.41904008438818563 0.22237960339943344 0.027953586497890294 0.031161473087818695
0 0.7529008438818565 0.2237960339943343 0.19251054852320676 0.019830028328611898
0 0.7993143459915611 0.2471671388101983 0.08175105485232068 0.046742209631728045
1 0.6758966244725738 0.25920679886685555 0.018459915611814346 0.0084985835694051
0 0.5429852320675106 0.28611898016997167 0.26424050632911394 0.031161473087818695
1 0.3662974683544304 0.29178470254957506 0.04272151898734177 0.042492917847025496
0 0.8557489451476793 0.3009915014164306 0.24841772151898733 0.021246458923512748
0 0.9385548523206751 0.3371104815864023 0.11761603375527427 0.0906515580736544
1 0.7592299578059072 0.3548158640226629 0.06487341772151899 0.060906515580736544
1 0.3114451476793249 0.3640226628895184 0.034282700421940926 0.036827195467422094
1 0.2887658227848101 0.39660056657223797 0.03533755274261603 0.019830028328611898
2 0.8198839662447257 0.43201133144475923 0.025843881856540084 0.0226628895184136
2 0.8225210970464135 0.45963172804532576 0.02267932489451477 0.021246458923512748
0 0.5551160337552743 0.48512747875354106 0.5163502109704642 0.060906515580736544
1 0.21703586497890295 0.4922096317280453 0.06276371308016877 0.05807365439093484
1 0.9079641350210971 0.5474504249291785 0.054324894514767935 0.049575070821529746
0 0.10073839662447258 0.5892351274787535 0.20147679324894516 0.5325779036827195
0 0.5350738396624473 0.6862606232294618 0.2621308016877637 0.22521246458923513