0 0.59501312335958 0.7588357588357588 0.46141732283464565 0.10117810117810118
1 0.06640419947506562 0.8440748440748441 0.11706036745406824 0.23562023562023562
2 0.45433070866141734 0.3444213444213444 0.048818897637795275 0.04851004851004851
2 0.40131233595800525 0.35065835065835066 0.047769028871391075 0.058212058212058215
1 0.36509186351706036 0.39778239778239777 0.05721784776902887 0.033264033264033266
0 0.9270341207349081 0.4282744282744283 0.14593175853018373 0.036036036036036036
2 0.37139107611548555 0.4774774774774775 0.08451443569553806 0.10672210672210672
2 0.7110236220472441 0.47955647955647956 0.07611548556430446 0.15523215523215522
2 0.24540682414698162 0.5682605682605683 0.01837270341207349 0.030492030492030493
2 0.7351706036745407 0.577962577962578 0.04041994750656168 0.02494802494802495
2 0.7467191601049868 0.6098406098406098 0.03832020997375328 0.030492030492030493
1 0.4994750656167979 0.6382536382536382 0.12335958005249344 0.07345807345807345
1 0.2643044619422572 0.6458766458766458 0.17690288713910762 0.09424809424809424