1 0.83377239199157 0.6480304955527318 0.12170706006322445 0.25412960609911056
2 0.13645943097997892 0.07465057179161372 0.25922023182297155 0.06670902160101652
0 0.6014225500526871 0.08100381194409148 0.10695468914646997 0.16200762388818296
1 0.9051633298208641 0.8078144853875476 0.040042149631190724 0.0781448538754765
1 0.9438883034773445 0.9313850063532402 0.1101159114857745 0.12579415501905972
0 0.75 0.10673443456162643 0.19441517386722867 0.20330368487928843
0 0.190463645943098 0.15819567979669633 0.11433087460484721 0.13214739517153748
0 0.06348788198103267 0.2798602287166455 0.12592202318229714 0.17471410419313851
0 0.904899894625922 0.31480304955527316 0.18493150684931506 0.21918678526048285
0 0.7133825079030558 0.34466327827191867 0.1917808219178082 0.33989834815756037
0 0.30031612223393045 0.051778907242693774 0.08640674394099052 0.10355781448538755
0 0.6825605900948367 0.05781448538754765 0.6348788198103267 0.05590851334180432