0 0.7636698212407992 0.7789308176100629 0.09516298633017876 0.32264150943396225
0 0.6151419558359621 0.12830188679245283 0.0914826498422713 0.02389937106918239
0 0.4137749737118822 0.15660377358490565 0.048370136698212406 0.04905660377358491
0 0.656677181913775 0.16226415094339622 0.14511041009463724 0.025157232704402517
0 0.34963196635120924 0.22421383647798743 0.07570977917981073 0.08364779874213836
0 0.7610410094637224 0.24528301886792453 0.20977917981072555 0.050314465408805034
0 0.2618296529968454 0.3150943396226415 0.0914826498422713 0.10566037735849057
1 0.16929547844374343 0.4059748427672956 0.08517350157728706 0.07861635220125786
0 0.28154574132492116 0.4518867924528302 0.14143007360672977 0.14025157232704402
1 0.6041009463722398 0.45220125786163523 0.23554153522607782 0.16855345911949685
0 0.06046267087276551 0.5163522012578616 0.12092534174553102 0.14339622641509434