0 0.8462348604528699 0.6539936102236422 0.2812006319115324 0.6408945686900959
2 0.889942074776198 0.8549520766773163 0.055818852027382834 0.051118210862619806
1 0.45260663507109006 0.23258785942492013 0.17535545023696683 0.02428115015974441
1 0.27224855186940494 0.2389776357827476 0.1463928383359663 0.030670926517571886
1 0.45392311743022645 0.26677316293929715 0.22538177988414956 0.022364217252396165
1 0.19720905739863087 0.2837060702875399 0.20168509741969456 0.04600638977635783
1 0.44892048446550814 0.32843450479233227 0.34281200631911535 0.05623003194888179
1 0.11532385466034756 0.35047923322683705 0.23064770932069512 0.04664536741214057
0 0.677461822011585 0.370926517571885 0.0795155344918378 0.11182108626198083
1 0.02448657187993681 0.4955271565495208 0.04897314375987362 0.09904153354632587
1 0.38467614533965244 0.49616613418530353 0.6956292785676672 0.13610223642172525