0 0.7532912058978409 0.6382708200890019 0.49025803054239075 0.5581691036236491
0 0.5966298051606108 0.10235219326128417 0.2401263823064771 0.189446916719644
1 0.27224855186940494 0.1277813095994914 0.04897314375987362 0.040050858232676415
0 0.8530805687203792 0.2266369993642721 0.25487098472880465 0.052765416401780035
0 0.8707214323328067 0.024793388429752067 0.21116377040547657 0.04322949777495232
0 0.5384412848867826 0.27844882390336934 0.04265402843601896 0.12078830260648442
2 0.7043180621379673 0.406865861411316 0.05318588730911006 0.03814367450731087
0 0.13270142180094788 0.49491417673235855 0.24855186940494997 0.5422759059122696
2 0.7519747235387045 0.503814367450731 0.10847814639283834 0.06039415130324221
1 0.3233280674038968 0.05308328035600763 0.06213796735123749 0.046408137317228225
2 0.18694049499736703 0.057533375715193895 0.03475513428120063 0.01589319771137953