0 0.09086134453781512 0.659047619047619 0.17016806722689076 0.24126984126984127
0 0.21507352941176472 0.7158730158730159 0.40808823529411764 0.5682539682539682
0 0.8613445378151261 0.8755555555555555 0.2773109243697479 0.24634920634920635
0 0.3897058823529412 0.3082539682539683 0.08508403361344538 0.12380952380952381
0 0.9086134453781513 0.4126984126984127 0.17542016806722688 0.044444444444444446
1 0.6951155462184874 0.42634920634920637 0.1255252100840336 0.08444444444444445
0 0.24632352941176472 0.47968253968253965 0.12710084033613445 0.15555555555555556
1 0.43986344537815125 0.5025396825396825 0.09926470588235294 0.11619047619047619
0 0.7027310924369747 0.5066666666666667 0.2972689075630252 0.4253968253968254
1 0.35215336134453784 0.5098412698412699 0.07300420168067227 0.06984126984126984
0 0.9445903361344538 0.533968253968254 0.11081932773109243 0.036825396825396824
1 0.3167016806722689 0.6 0.09243697478991597 0.06984126984126984