2 0.5687928307854507 0.6623169955442393 0.025303110173958882 0.02864417568427753
1 0.9167105956773853 0.8262253341820497 0.14971006852925672 0.07638446849140675
1 0.6149182920400632 0.8586887332908976 0.18608328940432262 0.09420751113940165
2 0.7214022140221402 0.11616804583068109 0.025830258302583026 0.02864417568427753
2 0.5268845545598313 0.12507956715467855 0.022667369530838165 0.02737110120942075
2 0.5495519240906694 0.18459579885423297 0.02688455455983131 0.019096117122851686
2 0.555086979441223 0.22374283895607894 0.040063257775434895 0.03373647358370465
2 0.4978914074855034 0.03723742838956079 0.030047443331576173 0.02737110120942075
0 0.261201897733263 0.4287078294080204 0.31576172904586186 0.06556333545512412
2 0.4804955192409067 0.4716740929344367 0.03848181338956247 0.030553787396562698
2 0.856615709014233 0.48854232972628897 0.03479177648919346 0.03500954805856143
0 0.47337901950448075 0.5060471037555697 0.08118081180811808 0.9675366008911521
0 0.5086979441222984 0.5092297899427116 0.9826041117554033 0.98026734563972
2 0.6288877174486031 0.5779758115849777 0.08223510806536637 0.025461489497135583
0 0.2401159725882973 0.5782940802036919 0.37480231945176595 0.12921705919796309
2 0.6958355297838693 0.58497772119669 0.03479177648919346 0.030553787396562698
2 0.8856088560885609 0.5891152132399745 0.02952029520295203 0.02864417568427753