2 0.7042586750788643 0.07692307692307693 0.04153522607781283 0.020512820512820513
0 0.16482649842271294 0.08461538461538462 0.20872765509989485 0.16923076923076924
1 0.2565720294426919 0.14807692307692308 0.0452155625657203 0.06282051282051282
0 0.5439011566771819 0.17307692307692307 0.04363827549947424 0.34615384615384615
2 0.6506309148264984 0.1762820512820513 0.02260778128286015 0.011538461538461539
1 0.028654048370136697 0.1858974358974359 0.03838065194532071 0.04487179487179487
0 0.9340168243953733 0.19423076923076923 0.13196635120925343 0.02435897435897436
2 0.7315983175604627 0.1987179487179487 0.024710830704521555 0.020512820512820513
1 0.20110410094637224 0.2387820512820513 0.08464773922187172 0.08012820512820513
2 0.71267087276551 0.3173076923076923 0.031019978969505785 0.019230769230769232
1 0.04100946372239748 0.40384615384615385 0.08201892744479496 0.1282051282051282
0 0.2137223974763407 0.45384615384615384 0.4263932702418507 0.46923076923076923
2 0.7436908517350158 0.46923076923076923 0.10147213459516298 0.05128205128205128
0 0.7171398527865405 0.4987179487179487 0.5657202944269191 0.9974358974358974
2 0.8209779179810726 0.5403846153846154 0.14458464773922186 0.052564102564102565