0 0.8491561181434599 0.805537873965627 0.15611814345991562 0.3787396562698918
0 0.7521097046413502 0.8656906429026098 0.13924050632911392 0.2546148949713558
0 0.5778006329113924 0.11139401654996817 0.15770042194092826 0.0668364099299809
1 0.7465717299578059 0.1282622533418205 0.047995780590717296 0.04010184595798854
0 0.0814873417721519 0.2199236155315086 0.14082278481012658 0.15595162316995545
0 0.03639240506329114 0.023233609166136218 0.07278481012658228 0.046467218332272436
0 0.8103902953586498 0.2310630171865054 0.1260548523206751 0.1400381922342457
0 0.6487341772151899 0.3297262889879058 0.0981012658227848 0.2800763844684914
0 0.9100738396624473 0.43029917250159133 0.17985232067510548 0.25334182049649906
0 0.6951476793248945 0.05251432208784214 0.10337552742616034 0.10502864417568428
0 0.7681962025316456 0.5241884150222788 0.08386075949367089 0.16740929344366645
0 0.3438818565400844 0.05728835136855506 0.09071729957805907 0.11457670273711013