0 0.10393700787401575 0.6605446485117162 0.1700787401574803 0.23432552248258393
0 0.2719160104986877 0.6785940468651045 0.5165354330708661 0.6288790373654212
0 0.8375328083989502 0.7672577580747308 0.3249343832020997 0.4642178594046865
0 0.6062992125984252 0.18777707409753008 0.002099737532808399 0.0018999366687777073
0 0.4643044619422572 0.22830905636478785 0.05616797900262467 0.07916402786573781
1 0.6496062992125984 0.2868904369854338 0.05301837270341207 0.044331855604813175
0 0.3816272965879265 0.33153894870170997 0.09553805774278215 0.11589613679544016
1 0.6766404199475066 0.34388853704876504 0.04409448818897638 0.044331855604813175
1 0.7128608923884514 0.40278657378087396 0.09763779527559055 0.06839772007599747
0 0.2593175853018373 0.467384420519316 0.13753280839895013 0.16466117796073465
1 0.7440944881889764 0.48860037998733374 0.11601049868766404 0.1032298923369221