0 0.8031019978969506 0.6331435800126503 0.1508937960042061 0.25173940543959517
1 0.8354363827549948 0.7036685641998734 0.05993690851735016 0.06641366223908918
1 0.9495268138801262 0.8621125869702719 0.0914826498422713 0.10120177103099304
0 0.9363827549947423 0.8671726755218216 0.11987381703470032 0.2656546489563567
0 0.22923238696109358 0.8725490196078431 0.42902208201892744 0.24478178368121442
0 0.6543112513144059 0.8753953194180898 0.4064143007360673 0.0961416824794434
0 0.40457413249211355 0.21189120809614168 0.16246056782334384 0.12903225806451613
0 0.7039957939011566 0.21505376344086022 0.11777076761303891 0.18975332068311196
0 0.3590956887486856 0.3791903858317521 0.22292323869610936 0.17773561037318153
0 0.7944269190325972 0.39215686274509803 0.13038906414300735 0.15180265654648956
0 0.6803364879074658 0.4117647058823529 0.09884332281808622 0.1846932321315623
1 0.343322818086225 0.5221378874130297 0.029442691903259727 0.022137887413029727
1 0.7797055730809674 0.5648323845667299 0.03995793901156677 0.05060088551549652
0 0.9185068349106204 0.59044908285895 0.15562565720294427 0.2232764073371284
0 0.2833859095688749 0.610056925996205 0.34069400630914826 0.25996204933586337