0 0.32007376185458375 0.7695139911634757 0.19230769230769232 0.44035346097201766
0 0.4915700737618546 0.8667157584683358 0.982086406743941 0.1134020618556701
2 0.4417808219178082 0.3799705449189985 0.015279241306638568 0.011782032400589101
2 0.43651211801896733 0.3910162002945508 0.02370916754478398 0.010309278350515464
2 0.4433614330874605 0.406480117820324 0.01422550052687039 0.014727540500736377
2 0.416491043203372 0.42047128129602357 0.015279241306638568 0.010309278350515464
1 0.506059009483667 0.4256259204712813 0.04267650158061117 0.026509572901325478
2 0.4059536354056902 0.43593519882179677 0.01738672286617492 0.014727540500736377
2 0.398577449947313 0.4491899852724595 0.01738672286617492 0.020618556701030927
1 0.5092202318229716 0.4639175257731959 0.044783983140147525 0.029455081001472753
2 0.36116965226554265 0.4653902798232695 0.016332982086406742 0.014727540500736377
2 0.386986301369863 0.47717231222385864 0.019494204425711276 0.014727540500736377
0 0.4212328767123288 0.48232695139911635 0.07428872497365648 0.1251840942562592
2 0.6277660695468915 0.4896907216494845 0.02054794520547945 0.016200294550810016
2 0.3685458377239199 0.5058910162002945 0.0184404636459431 0.01914580265095729
0 0.7336670179135932 0.5073637702503682 0.14383561643835616 0.16053019145802652
1 0.5144889357218124 0.5198821796759941 0.059536354056902004 0.041237113402061855
0 0.8659114857744995 0.7047128129602357 0.1828240252897787 0.22827687776141384