0 0.08235294117647059 0.2622820919175911 0.15947712418300652 0.2076069730586371
1 0.3437908496732026 0.37717908082408874 0.08888888888888889 0.06339144215530904
0 0.5542483660130719 0.40729001584786056 0.12026143790849673 0.42789223454833597
1 0.45294117647058824 0.41996830427892234 0.12941176470588237 0.06339144215530904
1 0.3058823529411765 0.4857369255150555 0.21176470588235294 0.10301109350237718
1 0.46078431372549017 0.5277337559429477 0.1607843137254902 0.13946117274167988
1 0.2823529411764706 0.6315372424722663 0.10457516339869281 0.07448494453248812
0 0.1392156862745098 0.7535657686212361 0.20261437908496732 0.4548335974643423
0 0.5019607843137255 0.8114104595879557 0.11503267973856209 0.37400950871632327
0 0.23790849673202613 0.09270998415213946 0.14640522875816994 0.1600633914421553
0 0.6013071895424836 0.09984152139461172 0.06535947712418301 0.1648177496038035
0 0.43333333333333335 0.15213946117274169 0.24183006535947713 0.28526148969889065