2 0.8868921775898521 0.644955300127714 0.045454545454545456 0.031928480204342274
2 0.757399577167019 0.954661558109834 0.2357293868921776 0.07662835249042145
0 0.9016913319238901 0.14782886334610473 0.16173361522198731 0.04661558109833972
2 0.17045454545454544 0.15804597701149425 0.04809725158562368 0.041507024265644954
0 0.1474630021141649 0.2078544061302682 0.2758985200845666 0.39272030651340994
0 0.9378964059196617 0.2739463601532567 0.12420718816067654 0.19029374201787994
1 0.08853065539112051 0.2828863346104725 0.06818181818181818 0.08301404853128991
2 0.5697674418604651 0.2835249042145594 0.024312896405919663 0.017879948914431672
0 0.3475158562367865 0.2940613026819923 0.13160676532769555 0.041507024265644954
2 0.5681818181818182 0.31800766283524906 0.040169133192389 0.019157088122605363
0 0.927061310782241 0.032247765006385695 0.11416490486257928 0.02234993614303959
2 0.6871035940803383 0.4157088122605364 0.13530655391120508 0.037037037037037035
0 0.6709830866807611 0.493933588761175 0.6358350951374208 0.9661558109833972
0 0.4820295983086681 0.5003192848020435 0.080338266384778 0.991698595146871
2 0.19133192389006343 0.5609833971902938 0.06765327695560254 0.027458492975734355
0 0.9249471458773785 0.05906768837803321 0.10253699788583509 0.02234993614303959
0 0.18657505285412262 0.590676883780332 0.37315010570824525 0.10855683269476372