1 0.20813648293963255 0.7284722222222222 0.4162729658792651 0.5430555555555555
0 0.7698162729658793 0.7715277777777778 0.28608923884514437 0.44027777777777777
2 0.3556430446194226 0.9256944444444445 0.05616797900262467 0.0875
0 0.5020997375328085 0.13680555555555557 0.06561679790026247 0.05138888888888889
1 0.36246719160104984 0.15069444444444444 0.12335958005249344 0.13472222222222222
0 0.5923884514435696 0.23125 0.13490813648293964 0.12916666666666668
0 0.8616797900262467 0.3 0.05406824146981627 0.027777777777777776
1 0.2774278215223097 0.3375 0.231496062992126 0.23333333333333334
0 0.941994750656168 0.3458333333333333 0.10761154855643044 0.06666666666666667
0 0.7199475065616798 0.3548611111111111 0.14645669291338584 0.11527777777777778
0 0.8905511811023622 0.5270833333333333 0.2020997375328084 0.21805555555555556