2 0.23082983193277312 0.6523687580025608 0.04884453781512605 0.04353393085787452
0 0.7563025210084033 0.6741357234314981 0.3865546218487395 0.5761843790012804
0 0.17752100840336135 0.795774647887324 0.21218487394957983 0.37772087067861715
0 0.45456932773109243 0.12548015364916773 0.04149159663865546 0.088348271446863
1 0.3954831932773109 0.16357234314980793 0.045168067226890755 0.02240717029449424
1 0.3602941176470588 0.1943021766965429 0.04096638655462185 0.03393085787451985
1 0.3784138655462185 0.2266325224071703 0.037289915966386554 0.030729833546734954
1 0.32983193277310924 0.23143405889884763 0.05042016806722689 0.04033290653008963
1 0.15861344537815125 0.2832906530089629 0.1092436974789916 0.02880921895006402
0 0.5653886554621849 0.2858514724711908 0.1948529411764706 0.04033290653008963
2 0.06381302521008403 0.33386683738796413 0.04096638655462185 0.02112676056338028
0 0.3631827731092437 0.4087708066581306 0.14548319327731093 0.2323943661971831
0 0.12289915966386554 0.5669014084507042 0.20063025210084034 0.06722151088348272