2 0.7387981022667369 0.7864077669902912 0.09225092250922509 0.04160887656033287
0 0.46889826041117555 0.8169209431345353 0.3189246178176067 0.08599167822468794
0 0.15735371639430681 0.8654646324549237 0.26199261992619927 0.22191400832177532
0 0.7915129151291513 0.871012482662968 0.27358987875593044 0.2274618585298197
2 0.8890353189246178 0.9001386962552012 0.08592514496573538 0.044382801664355064
0 0.5548234053769109 0.2524271844660194 0.0838165524512388 0.0638002773925104
0 0.5237216657880864 0.3196948682385576 0.06167633104902478 0.06241331484049931
0 0.19056404849762784 0.3502080443828017 0.3695308381655245 0.0651872399445215
0 0.7335266209804955 0.3814147018030513 0.47074327886136 0.05547850208044383
1 0.42672641012124407 0.38349514563106796 0.0838165524512388 0.05131761442441054
2 0.6491829204006325 0.3883495145631068 0.04797047970479705 0.030513176144244106
2 0.7345809172377438 0.42718446601941745 0.028993147074327884 0.06657420249653259
0 0.7488139167105957 0.5603328710124826 0.09752240379546652 0.3828016643550624
0 0.26647337901950446 0.6137309292649098 0.22614654717975752 0.26768377253814146
2 0.14681075382182393 0.6144244105409153 0.033210332103321034 0.022191400832177532
2 0.7651555086979441 0.6851595006934813 0.028993147074327884 0.022191400832177532