0 0.6284356955380578 0.7387787857641313 0.7322834645669292 0.5108164689462665
2 0.16089238845144357 0.9661549197487788 0.16430446194225723 0.06769016050244243
0 0.41338582677165353 0.10676901605024425 0.7039370078740157 0.034891835310537335
1 0.8929133858267716 0.16503838101884158 0.2141732283464567 0.04675505931612003
2 0.6081364829396325 0.16643405443126308 0.02152230971128609 0.013258897418004187
2 0.6517060367454068 0.17062107466852758 0.02152230971128609 0.011863224005582694
0 0.5023622047244094 0.23586880669923238 0.9952755905511811 0.05303558967201675
0 0.5251968503937008 0.36205861828332175 0.6125984251968504 0.21563154221912073
2 0.7593175853018372 0.48604326587578506 0.06246719160104987 0.03279832519190509
2 0.779002624671916 0.6769016050244243 0.01889763779527559 0.01674808094905792
0 0.14199475065616798 0.6894626657362177 0.226246719160105 0.4494068387997209