0 0.8862196409714889 0.819620253164557 0.20010559662090813 0.3291139240506329
0 0.1486272439281943 0.855379746835443 0.13569165786694826 0.25506329113924053
0 0.4192185850052798 0.1680379746835443 0.08553326293558607 0.18037974683544303
0 0.2307286166842661 0.27436708860759496 0.09609292502639916 0.12215189873417721
0 0.6655227032734953 0.3037974683544304 0.10084477296726505 0.12658227848101267
1 0.4350580781414995 0.3575949367088608 0.07286166842661035 0.0379746835443038
0 0.7404963041182682 0.3813291139240506 0.5190073917634636 0.04746835443037975
0 0.0897571277719113 0.4433544303797468 0.1795142555438226 0.22468354430379747
0 0.5327349524815206 0.46044303797468356 0.0675818373812038 0.1550632911392405
0 0.25052798310454066 0.479746835443038 0.1494192185850053 0.13291139240506328
0 0.5997888067581837 0.48575949367088606 0.10348468848996832 0.028481012658227847
0 0.7431362196409715 0.5746835443037974 0.14308342133051744 0.1518987341772152