0 0.7270099842354177 0.07524613220815753 0.13189700472937468 0.1420534458509142
0 0.28980557015239095 0.21870604781997188 0.17498686284813453 0.189873417721519
2 0.29611140304781924 0.22151898734177214 0.028901734104046242 0.015471167369901548
0 0.16158696794534944 0.24261603375527427 0.2674724119810825 0.32489451476793246
0 0.8092485549132948 0.2679324894514768 0.3815028901734104 0.5358649789029536
1 0.7821860220704151 0.35724331926863573 0.4114555964266947 0.4022503516174402
2 0.7007356805044667 0.41068917018284107 0.0604308985811876 0.05625879043600562
2 0.5919600630583289 0.046413502109704644 0.03625853914871256 0.02531645569620253
0 0.16684182869153968 0.5119549929676512 0.33368365738307937 0.16877637130801687
0 0.15265370467682607 0.6603375527426161 0.24540199684708355 0.07172995780590717
0 0.8189700472937467 0.670182841068917 0.32737782448765107 0.0829817158931083