1 0.09217436974789917 0.8062460165710643 0.18434873949579833 0.10070108349267048
0 0.563813025210084 0.8253664754620778 0.7253151260504201 0.15933715742511154
1 0.3484768907563025 0.13766730401529637 0.09506302521008403 0.035691523263224986
0 0.5414915966386554 0.13894200127469725 0.4810924369747899 0.05736137667304015
0 0.8623949579831933 0.1586998087954111 0.27521008403361347 0.3173996175908222
0 0.15756302521008403 0.20427023581899298 0.31512605042016806 0.39451880178457616
0 0.28361344537815125 0.2680050987890376 0.1334033613445378 0.19439133205863607
1 0.30540966386554624 0.03441682600382409 0.05514705882352941 0.058636073932441045
1 0.3135504201680672 0.44550669216061184 0.25210084033613445 0.07265774378585087
0 0.6772584033613446 0.5019120458891013 0.645483193277311 0.15105162523900573
2 0.864233193277311 0.5156150414276609 0.037289915966386554 0.036966220522625874
0 0.12447478991596639 0.5975143403441683 0.1638655462184874 0.2517527087316762