0 0.946203125 0.41505555555555557 0.10759375 0.8301018518518518
0 0.5846770833333333 0.487287037037037 0.10765104166666667 0.07535185185185185
0 0.4822239583333333 0.6603333333333333 0.08544270833333334 0.06568518518518518
0 0.5524010416666666 0.3034074074074074 0.08040625 0.059111111111111114
0 0.5545000000000001 0.23324999999999999 0.082 0.062296296296296294
0 0.5395208333333333 0.129 0.05985416666666667 0.11307407407407408
0 0.6560104166666666 0.21714814814814815 0.110546875 0.42362962962962963
0 0.5909895833333334 0.8129074074074074 0.10550520833333334 0.054953703703703706
0 0.30835416666666665 0.017342592592592593 0.05325 0.03468518518518519
0 0.30497916666666663 0.4196111111111111 0.04649479166666667 0.04613888888888889
0 0.30126041666666664 0.1819351851851852 0.04427604166666667 0.1032037037037037
0 0.5352708333333334 0.9225 0.020104166666666666 0.13062962962962965