0 0.7261510416666667 0.39639814814814817 0.5476979166666667 0.44912962962962966
0 0.35505729166666666 0.8472962962962963 0.7101145833333333 0.20925000000000002
0 0.8582083333333334 0.949425925925926 0.28316145833333334 0.10114814814814814
0 0.8693802083333334 0.0989074074074074 0.2612395833333333 0.17325925925925925
0 0.6826302083333334 0.06191666666666667 0.028364583333333335 0.12382407407407406
0 0.6352604166666667 0.09883333333333333 0.01696354166666667 0.10827777777777778
0 0.6058125000000001 0.03448148148148148 0.01796354166666667 0.06897222222222221
0 0.535296875 0.09630555555555556 0.012338541666666668 0.08933333333333333
0 0.428671875 0.046481481481481485 0.015239583333333334 0.09297222222222222
0 0.3959947916666666 0.057629629629629635 0.014984375 0.11525925925925927
0 0.229171875 0.04476851851851852 0.022494791666666666 0.08954629629629629
0 0.08294791666666666 0.04134259259259259 0.013895833333333333 0.08268518518518518