0 0.051682692307692304 0.2668269230769231 0.10336538461538461 0.0673076923076923
0 0.14182692307692307 0.234375 0.019230769230769232 0.46875
2 0.8125 0.3918269230769231 0.375 0.15384615384615385
1 0.3545673076923077 0.8473557692307693 0.07211538461538461 0.125
2 0.3485576923076923 0.9615384615384616 0.052884615384615384 0.07692307692307693
2 0.3545673076923077 0.65625 0.0625 0.22355769230769232
0 0.008413461538461538 0.4891826923076923 0.016826923076923076 0.026442307692307692
2 0.640625 0.8870192307692307 0.18509615384615385 0.22596153846153846
2 0.8557692307692307 0.7848557692307693 0.19230769230769232 0.11298076923076923
2 0.9663461538461539 0.9098557692307693 0.0673076923076923 0.11298076923076923
2 0.8413461538461539 0.6550480769230769 0.13701923076923078 0.04807692307692308
2 0.78125 0.5793269230769231 0.14423076923076922 0.05048076923076923
2 0.9050480769230769 0.5685096153846154 0.06009615384615385 0.038461538461538464
2 0.9639423076923077 0.5408653846153846 0.07211538461538461 0.03365384615384615
2 0.6129807692307693 0.5516826923076923 0.12980769230769232 0.06009615384615385
2 0.6322115384615384 0.4879807692307692 0.1201923076923077 0.038461538461538464
2 0.7848557692307693 0.5012019230769231 0.1658653846153846 0.06490384615384616