0 0.48677884615384615 0.13822115384615385 0.14182692307692307 0.016826923076923076
0 0.49158653846153844 0.5456730769230769 0.13221153846153846 0.0673076923076923
0 0.4110576923076923 0.28966346153846156 0.028846153846153848 0.5793269230769231
0 0.23798076923076922 0.028846153846153848 0.3173076923076923 0.03125
0 0.49278846153846156 0.036057692307692304 0.12980769230769232 0.0625
0 0.042067307692307696 0.28966346153846156 0.016826923076923076 0.5793269230769231
0 0.9182692307692307 0.37259615384615385 0.16346153846153846 0.04807692307692308
0 0.75 0.2644230769230769 0.11298076923076923 0.03365384615384615
1 0.07572115384615384 0.9483173076923077 0.038461538461538464 0.038461538461538464
1 0.06129807692307692 0.8064903846153846 0.038461538461538464 0.09375
1 0.06490384615384616 0.5877403846153846 0.03365384615384615 0.016826923076923076
0 0.17908653846153846 0.9543269230769231 0.16826923076923078 0.03125
0 0.19110576923076922 0.7596153846153846 0.11298076923076923 0.026442307692307692
0 0.20192307692307693 0.5913461538461539 0.08653846153846154 0.02403846153846154
1 0.9146634615384616 0.9675480769230769 0.17067307692307693 0.06490384615384616