0 0.38341346153846156 0.20432692307692307 0.026442307692307692 0.40865384615384615
1 0.6959134615384616 0.1346153846153846 0.25240384615384615 0.125
2 0.4014423076923077 0.8846153846153846 0.33653846153846156 0.23076923076923078
2 0.30649038461538464 0.7223557692307693 0.10817307692307693 0.09615384615384616
2 0.18389423076923078 0.7319711538461539 0.10817307692307693 0.125
2 0.28725961538461536 0.5841346153846154 0.10336538461538461 0.08173076923076923
2 0.41466346153846156 0.5961538461538461 0.07211538461538461 0.038461538461538464
2 0.53125 0.6382211538461539 0.07692307692307693 0.08413461538461539
2 0.4651442307692308 0.5 0.055288461538461536 0.06009615384615385
2 0.0985576923076923 0.5420673076923077 0.10576923076923077 0.06490384615384616
2 0.07091346153846154 0.6706730769230769 0.09134615384615384 0.09375
2 0.35096153846153844 0.4651442307692308 0.04567307692307692 0.057692307692307696
2 0.5348557692307693 0.5360576923076923 0.057692307692307696 0.038461538461538464
0 0.6466346153846154 0.9555288461538461 0.15384615384615385 0.0889423076923077
0 0.8786057692307693 0.5576923076923077 0.24278846153846154 0.04807692307692308
0 0.7247596153846154 0.8040865384615384 0.016826923076923076 0.3918269230769231