2 0.6385199240986718 0.5516666666666666 0.08918406072106262 0.06333333333333334
2 0.9108159392789373 0.69 0.17077798861480076 0.08666666666666667
2 0.7874762808349146 0.5666666666666667 0.0683111954459203 0.07333333333333333
2 0.7172675521821632 0.44166666666666665 0.04174573055028463 0.043333333333333335
2 0.5853889943074004 0.375 0.07020872865275142 0.043333333333333335
2 0.6622390891840607 0.705 0.08349146110056926 0.07
2 0.6707779886148008 0.3883333333333333 0.051233396584440226 0.023333333333333334
0 0.8081024667931689 0.9116000000000001 0.3176280834914611 0.17679999999999998
2 0.33867172675521817 0.5623333333333332 0.07013282732447818 0.07826666666666666
2 0.4331309297912713 0.36883333333333335 0.13201138519924097 0.06233333333333333
2 0.3955977229601518 0.30723333333333336 0.05197343453510436 0.04056666666666667
2 0.5634914611005692 0.29856666666666665 0.03795066413662239 0.0261