2 0.2354596622889306 0.7016666666666667 0.07692307692307693 0.09
2 0.38649155722326456 0.615 0.18386491557223264 0.17
2 0.49624765478424016 0.9 0.17823639774859287 0.15333333333333332
2 0.6013133208255159 0.5833333333333334 0.043151969981238276 0.04
2 0.5431519699812383 0.25666666666666665 0.07692307692307693 0.02666666666666667
2 0.5359287054409005 0.49856666666666666 0.07667917448405252 0.04636666666666667
0 0.29529080675422137 0.4094333333333333 0.18435272045028145 0.15216666666666667
0 0.09787992495309569 0.6601333333333333 0.19088180112570355 0.21303333333333332
0 0.2557223264540338 0.8898666666666666 0.29448405253283305 0.22030000000000002
0 0.7944840525328329 0.9043333333333333 0.41105065666041274 0.1913
0 0.46577861163227013 0.26376666666666665 0.075046904315197 0.13623333333333332