0 0.6481333333333333 0.49748110831234255 0.2740666666666667 0.10496221662468515
2 0.565 0.42065491183879095 0.13 0.060453400503778336
2 0.45666666666666667 0.3589420654911839 0.10666666666666667 0.042821158690176324
2 0.42833333333333334 0.3110831234256927 0.13666666666666666 0.05793450881612091
2 0.3016666666666667 0.3866498740554156 0.15 0.06801007556675064
2 0.72 0.345088161209068 0.06 0.02518891687657431
2 0.5092666666666666 0.732015113350126 0.39853333333333335 0.3456423173803526
0 0.8574 0.8043576826196474 0.2852 0.39125944584382877
0 0.4703666666666667 0.20360201511335013 0.15556666666666666 0.1273551637279597
0 0.1537 0.23090680100755667 0.3074 0.08957178841309824
0 0.08426666666666667 0.3680352644836272 0.16853333333333334 0.1735264483627204