2 0.24278846153846154 0.32211538461538464 0.4855769230769231 0.07211538461538461
2 0.38221153846153844 0.109375 0.3125 0.18028846153846154
1 0.6105769230769231 0.30288461538461536 0.14423076923076922 0.11057692307692307
1 0.6502403846153846 0.1346153846153846 0.22355769230769232 0.13942307692307693
1 0.6730769230769231 0.037259615384615384 0.2692307692307692 0.07451923076923077
2 0.17668269230769232 0.8605769230769231 0.35336538461538464 0.27884615384615385
2 0.15865384615384615 0.4831730769230769 0.1658653846153846 0.125
2 0.671875 0.9519230769230769 0.21875 0.09615384615384616
2 0.6274038461538461 0.6502403846153846 0.12980769230769232 0.08413461538461539
2 0.8689903846153846 0.7584134615384616 0.22355769230769232 0.1466346153846154
2 0.9086538461538461 0.5288461538461539 0.07692307692307693 0.038461538461538464
2 0.6262019230769231 0.39903846153846156 0.04567307692307692 0.04807692307692308
2 0.6466346153846154 0.453125 0.06009615384615385 0.04326923076923077
2 0.8713942307692307 0.44711538461538464 0.03365384615384615 0.028846153846153848
2 0.8161057692307693 0.421875 0.04567307692307692 0.040865384615384616
2 0.8677884615384616 0.6478365384615384 0.2644230769230769 0.07451923076923077