2 0.12259615384615384 0.4254807692307692 0.20673076923076922 0.08653846153846154
2 0.28966346153846156 0.3088942307692308 0.1346153846153846 0.09375
2 0.2932692307692308 0.22235576923076922 0.08413461538461539 0.0673076923076923
2 0.30408653846153844 0.18870192307692307 0.08173076923076923 0.04807692307692308
2 0.31490384615384615 0.13942307692307693 0.038461538461538464 0.03365384615384615
2 0.05048076923076923 0.11778846153846154 0.038461538461538464 0.04326923076923077
2 0.7091346153846154 0.3233173076923077 0.5817307692307693 0.29086538461538464
1 0.16947115384615385 0.9134615384615384 0.3389423076923077 0.17307692307692307
1 0.18990384615384615 0.7175480769230769 0.3798076923076923 0.16105769230769232
1 0.24519230769230768 0.53125 0.34615384615384615 0.125
2 0.7115384615384616 0.7103365384615384 0.5769230769230769 0.4831730769230769