2 0.3075234521575985 0.7498666666666667 0.2967542213883677 0.16636666666666666
2 0.5707692307692308 0.754 0.18859287054409005 0.16796666666666668
2 0.7704502814258911 0.7899333333333333 0.11941838649155723 0.13783333333333334
2 0.5130956848030019 0.33986666666666665 0.46170731707317075 0.0913
2 0.6106941838649156 0.2916666666666667 0.03189493433395872 0.03666666666666667
2 0.959249530956848 0.4753666666666667 0.08148217636022514 0.10723333333333333
2 0.9796435272045028 0.7992666666666667 0.04071294559099437 0.13476666666666667
2 0.594671669793621 0.2761 0.08810506566604127 0.030433333333333337
2 0.6994934333958724 0.2819 0.12153846153846154 0.03333333333333333
2 0.11542213883677299 0.3326 0.23084427767354598 0.10579999999999999
0 0.8283677298311445 0.4355 0.18191369606003752 0.08549999999999999
0 0.3107879924953096 0.15506666666666669 0.06035647279549719 0.03766666666666667