2 0.2644230769230769 0.203125 0.25 0.10817307692307693
2 0.15985576923076922 0.09615384615384616 0.10336538461538461 0.0625
2 0.3004807692307692 0.07572115384615384 0.1778846153846154 0.06009615384615385
1 0.484375 0.2764423076923077 0.06009615384615385 0.5048076923076923
0 0.6081730769230769 0.10096153846153846 0.16346153846153846 0.019230769230769232
0 0.6598557692307693 0.33052884615384615 0.02403846153846154 0.3918269230769231
0 0.875 0.5060096153846154 0.16826923076923078 0.016826923076923076
0 0.8798076923076923 0.13341346153846154 0.16346153846153846 0.055288461538461536
2 0.3701923076923077 0.9483173076923077 0.038461538461538464 0.055288461538461536
2 0.3389423076923077 0.8846153846153846 0.10096153846153846 0.07692307692307693
2 0.36538461538461536 0.8293269230769231 0.04807692307692308 0.04326923076923077
2 0.18509615384615385 0.9182692307692307 0.09375 0.09375
2 0.6598557692307693 0.7115384615384616 0.5408653846153846 0.36538461538461536