2 0.5707762557077626 0.19 0.0776255707762557 0.04
2 0.5285388127853882 0.12333333333333334 0.06621004566210045 0.04
2 0.589041095890411 0.44166666666666665 0.0867579908675799 0.09
2 0.728310502283105 0.3883333333333333 0.1095890410958904 0.09
2 0.8242009132420092 0.7383333333333333 0.0867579908675799 0.09666666666666666
2 0.4771689497716895 0.6116666666666667 0.1004566210045662 0.08333333333333333
2 0.3264840182648402 0.33166666666666667 0.0410958904109589 0.03666666666666667
2 0.295662100456621 0.3 0.03881278538812785 0.04
2 0.24315068493150685 0.4266666666666667 0.08447488584474885 0.07333333333333333
2 0.2328767123287671 0.5666666666666667 0.0958904109589041 0.11333333333333333
0 0.42783105022831047 0.3768 0.16874429223744292 0.12463333333333333
2 0.46705479452054793 0.28476666666666667 0.06452054794520548 0.05363333333333333
2 0.38515981735159815 0.18476666666666666 0.0754337899543379 0.05073333333333334
2 0.4422374429223744 0.4724666666666667 0.024817351598173516 0.05216666666666667
0 0.897054794520548 0.4174 0.2058675799086758 0.13623333333333332
0 0.35486301369863016 0.7224666666666667 0.14591324200913242 0.23333333333333334