2 0.5075 0.7433333333333333 0.205 0.12666666666666668
2 0.13875 0.64 0.2625 0.12666666666666668
2 0.63 0.56 0.255 0.07333333333333333
2 0.84 0.655 0.115 0.056666666666666664
2 0.40625 0.43 0.1325 0.04
2 0.905975 0.45580000000000004 0.06847500000000001 0.03333333333333333
2 0.16412500000000002 0.3239 0.065225 0.024633333333333333
2 0.37174999999999997 0.3645 0.106525 0.024633333333333333
2 0.502725 0.36666666666666664 0.059775 0.0174
2 0.06357499999999999 0.42536666666666667 0.098925 0.0913
0 0.17227499999999998 0.5267999999999999 0.155425 0.0826
0 0.34075000000000005 0.7 0.135875 0.16523333333333334
0 0.6701 0.3319 0.181525 0.10433333333333333