2 0.016826923076923076 0.3894230769230769 0.03365384615384615 0.1201923076923077
2 0.027644230769230768 0.18870192307692307 0.055288461538461536 0.07932692307692307
2 0.8882211538461539 0.5324519230769231 0.09375 0.03125
2 0.6454326923076923 0.4795673076923077 0.07932692307692307 0.06490384615384616
2 0.6682692307692307 0.5348557692307693 0.03365384615384615 0.026442307692307692
2 0.8052884615384616 0.390625 0.07451923076923077 0.057692307692307696
2 0.7668269230769231 0.33052884615384615 0.06971153846153846 0.038461538461538464
2 0.6766826923076923 0.3233173076923077 0.11057692307692307 0.06971153846153846
2 0.5132211538461539 0.3641826923076923 0.10817307692307693 0.16105769230769232
2 0.625 0.2512019230769231 0.04326923076923077 0.03365384615384615
2 0.15625 0.6754807692307693 0.3125 0.2548076923076923
1 0.7295673076923077 0.7860576923076923 0.5408653846153846 0.42788461538461536