2 0.19574944071588368 0.5016666666666667 0.10067114093959731 0.056666666666666664
2 0.24608501118568232 0.615 0.14317673378076062 0.12333333333333334
2 0.7863534675615212 0.61 0.2214765100671141 0.11333333333333333
2 0.843400447427293 0.77 0.058165548098434 0.03333333333333333
2 0.843400447427293 0.8733333333333333 0.1029082774049217 0.11333333333333333
2 0.7170022371364653 0.7583333333333333 0.12751677852348994 0.09666666666666666
2 0.7324161073825503 0.4449333333333333 0.06225950782997763 0.04056666666666667
2 0.5398210290827741 0.3847666666666667 0.0447427293064877 0.027533333333333333
2 0.6113199105145414 0.6050666666666668 0.0865771812080537 0.08839999999999999
0 0.4464653243847875 0.5521666666666667 0.2412304250559284 0.16523333333333334
2 0.8360178970917226 0.4797 0.0476510067114094 0.05506666666666667