2 0.35553470919324576 0.525 0.06941838649155722 0.043333333333333335
2 0.12195121951219512 0.8183333333333334 0.15384615384615385 0.17666666666666667
2 0.2026266416510319 0.8883333333333333 0.0825515947467167 0.10333333333333333
2 0.32926829268292684 0.7283333333333334 0.09193245778611632 0.09
2 0.4277673545966229 0.745 0.09380863039399624 0.08333333333333333
2 0.5656660412757973 0.765 0.07692307692307693 0.06333333333333334
2 0.48592870544090055 0.8766666666666667 0.0900562851782364 0.1
2 0.3452157598499062 0.895 0.0975609756097561 0.11
2 0.40150093808630394 0.9716666666666667 0.1275797373358349 0.05
2 0.6341463414634146 0.9483333333333334 0.1275797373358349 0.08333333333333333
0 0.41846153846153844 0.6456666666666666 0.18924953095684804 0.10579999999999999
2 0.42120075046904315 0.5433333333333333 0.03564727954971857 0.02
2 0.5272045028142589 0.52 0.15384615384615385 0.13333333333333333
2 0.7720450281425891 0.7066666666666667 0.324577861163227 0.23333333333333334
2 0.9333958724202627 0.9066666666666666 0.1294559099437148 0.18
2 0.6733771106941839 0.45363333333333333 0.09870544090056285 0.11883333333333333
0 0.4168292682926829 0.35796666666666666 0.19577861163227017 0.2029
0 0.14887429643527203 0.5405666666666666 0.14112570356472795 0.19419999999999998
0 0.5681613508442777 0.34926666666666667 0.07911819887429644 0.13913333333333333