2 0.26697892271662765 0.6083333333333333 0.20608899297423888 0.11666666666666667
2 0.4953161592505855 0.705 0.16159250585480095 0.11666666666666667
2 0.3618266978922717 0.8716666666666667 0.13817330210772832 0.15666666666666668
2 0.7353629976580797 0.9666666666666667 0.11241217798594848 0.06
2 0.17798594847775176 0.5016666666666667 0.07962529274004684 0.056666666666666664
2 0.08782201405152225 0.475 0.08665105386416862 0.05
2 0.3629976580796253 0.44666666666666666 0.13114754098360656 0.05333333333333334
2 0.25175644028103045 0.445 0.07728337236533958 0.03666666666666667
2 0.23770491803278687 0.40166666666666667 0.04449648711943794 0.03
2 0.7564402810304449 0.5033333333333333 0.08899297423887588 0.03333333333333333
2 0.9637002341920374 0.53 0.06791569086651054 0.07333333333333333
2 0.2576112412177986 0.3304333333333333 0.07126463700234192 0.028999999999999998
2 0.35433255269320846 0.3405666666666667 0.05091334894613583 0.04056666666666667
0 0.16697892271662762 0.3369666666666667 0.09571428571428571 0.16086666666666666
0 0.5366042154566745 0.31013333333333337 0.21789227166276348 0.13913333333333333
0 0.4775409836065574 0.2 0.14459016393442622 0.06376666666666667
2 0.7590866510538642 0.35363333333333336 0.04988290398126464 0.03476666666666667
2 0.42510538641686185 0.5811666666666666 0.0702576112412178 0.06376666666666667