1 0.49038461538461536 0.29447115384615385 0.3317307692307692 0.2403846153846154
2 0.9122596153846154 0.33653846153846156 0.17548076923076922 0.30288461538461536
2 0.2800480769230769 0.9230769230769231 0.16826923076923078 0.12259615384615384
2 0.125 0.8497596153846154 0.11298076923076923 0.057692307692307696
2 0.009615384615384616 0.7223557692307693 0.019230769230769232 0.05048076923076923
2 0.06850961538461539 0.6802884615384616 0.13701923076923078 0.04807692307692308
2 0.15865384615384615 0.7632211538461539 0.08413461538461539 0.05048076923076923
2 0.2668269230769231 0.8173076923076923 0.10576923076923077 0.06009615384615385
2 0.6177884615384616 0.8677884615384616 0.1201923076923077 0.08653846153846154
2 0.5432692307692307 0.7548076923076923 0.12740384615384615 0.08653846153846154
2 0.4567307692307692 0.6754807692307693 0.05048076923076923 0.057692307692307696
2 0.39783653846153844 0.6430288461538461 0.052884615384615384 0.02403846153846154
2 0.4266826923076923 0.6057692307692307 0.1201923076923077 0.038461538461538464
2 0.3449519230769231 0.5877403846153846 0.0625 0.038461538461538464
2 0.2920673076923077 0.5480769230769231 0.06490384615384616 0.04807692307692308
2 0.22596153846153846 0.5324519230769231 0.052884615384615384 0.038461538461538464
2 0.14903846153846154 0.5456730769230769 0.06490384615384616 0.009615384615384616
2 0.11298076923076923 0.53125 0.028846153846153848 0.026442307692307692
0 0.7512019230769231 0.7692307692307693 0.036057692307692304 0.46153846153846156