2 0.3433333333333333 0.46 0.08666666666666667 0.04
2 0.3333333333333333 0.41875 0.06 0.0275
2 0.32 0.62125 0.06666666666666667 0.0325
2 0.2833333333333333 0.72125 0.09333333333333334 0.0425
2 0.43666666666666665 0.79875 0.21333333333333335 0.1375
2 0.8666666666666667 0.66 0.05333333333333334 0.05
2 0.645 0.69125 0.056666666666666664 0.0525
2 0.5283333333333333 0.41875 0.05 0.0225
2 0.7666666666666667 0.38375 0.14666666666666667 0.0375
2 0.9116666666666666 0.435 0.043333333333333335 0.025
2 0.8616666666666667 0.46125 0.043333333333333335 0.0225
2 0.9583333333333334 0.54 0.07666666666666666 0.025
2 0.9433333333333334 0.51125 0.06 0.0175
2 0.675 0.57625 0.06333333333333334 0.0275
2 0.73 0.62 0.04 0.025
2 0.6116666666666667 0.93875 0.11666666666666667 0.1175
2 0.3861 0.508325 0.0463 0.033325
0 0.40093333333333336 0.2986 0.20186666666666667 0.19445
0 0.6148 0.295825 0.17776666666666666 0.11945
0 0.8537 0.8430500000000001 0.2926 0.247225
0 0.5324 0.5895750000000001 0.22036666666666666 0.14582499999999998
2 0.06666666666666667 0.2389 0.06296666666666667 0.019450000000000002
2 0.12223333333333333 0.2118 0.04443333333333333 0.020825
2 0.16390000000000002 0.19515000000000002 0.0352 0.0236