2 0.5111111111111111 0.29 0.08444444444444445 0.08
2 0.5866666666666667 0.21333333333333335 0.04888888888888889 0.05333333333333334
2 0.5766666666666667 0.42 0.07333333333333333 0.1
2 0.4722222222222222 0.56 0.1 0.05333333333333334
2 0.4955555555555556 0.515 0.07111111111111111 0.03
2 0.7366666666666667 0.62 0.05555555555555555 0.11333333333333333
2 0.7744444444444445 0.7816666666666666 0.08666666666666667 0.15
2 0.6977777777777778 0.41833333333333333 0.044444444444444446 0.07
2 0.6644444444444444 0.2866666666666667 0.057777777777777775 0.08
2 0.47333333333333333 0.37833333333333335 0.04 0.03
2 0.46444444444444444 0.41333333333333333 0.04 0.02
2 0.49 0.345 0.028888888888888888 0.023333333333333334
2 0.5244444444444445 0.165 0.035555555555555556 0.023333333333333334
0 0.6473333333333333 0.18476666666666666 0.04251111111111111 0.1145
0 0.5623111111111111 0.09926666666666667 0.13913333333333333 0.10579999999999999
0 0.4584444444444445 0.06086666666666667 0.10724444444444443 0.11593333333333333