0 0.16666666666666666 0.5594333333333333 0.3333333333333333 0.33623333333333333
2 0.1322222222222222 0.5033333333333333 0.12222222222222222 0.04666666666666667
2 0.04666666666666667 0.5816666666666667 0.09333333333333334 0.07666666666666666
2 0.09888888888888889 0.8033333333333333 0.19777777777777777 0.1
2 0.4288888888888889 0.5816666666666667 0.19555555555555557 0.11666666666666667
2 0.68 0.42333333333333334 0.13777777777777778 0.07333333333333333
2 0.6066666666666667 0.32666666666666666 0.07555555555555556 0.02666666666666667
2 0.042222222222222223 0.30666666666666664 0.08444444444444445 0.05333333333333334
2 0.7574888888888889 0.14926666666666666 0.0714888888888889 0.028999999999999998
2 0.4154666666666667 0.3732 0.07342222222222222 0.05363333333333333
0 0.9376888888888888 0.11086666666666666 0.12464444444444445 0.1261
0 0.5584444444444445 0.4804333333333333 0.16617777777777779 0.16376666666666667
0 0.5183555555555556 0.2905666666666667 0.15555555555555556 0.0681
0 0.8135333333333333 0.2601333333333333 0.3091777777777778 0.0768