0 0.45634920634920634 0.39227843915343913 0.09672619047619048 0.07688492063492064
0 0.4144965277777778 0.4877645502645503 0.10478670634920635 0.10747354497354497
0 0.7533482142857143 0.3716104497354497 0.12400793650793651 0.05704365079365079
0 0.8612351190476191 0.4332010582010582 0.11284722222222222 0.06117724867724868
0 0.6026785714285714 0.38566468253968256 0.13516865079365079 0.07357804232804233
0 0.6156994047619048 0.46378968253968256 0.24057539682539683 0.07936507936507936
0 0.08122519841269842 0.46668320105820105 0.14384920634920634 0.062003968253968256
0 0.3472222222222222 0.2876984126984127 0.03720238095238095 0.01488095238095238
2 0.33399553571428575 0.427688492063492 0.044642857142857144 0.01984126984126984
0 0.6882440476190477 0.3317890211640212 0.022321428571428572 0.024249338624338625
0 0.5059523809523809 0.548941798941799 0.04794890873015873 0.05291005291005291
0 0.4666840277777778 0.3235218253968254 0.06531001984126984 0.0496031746031746