2 0.1630704365079365 0.8928571428571429 0.2517361111111111 0.0958994708994709
0 0.6671626984126984 0.5720899470899471 0.3844246031746032 0.07936507936507936
0 0.7824900793650794 0.6423611111111112 0.1314484126984127 0.05787037037037037
0 0.6398809523809523 0.8159722222222222 0.3323412698412698 0.28604497354497355
0 0.5846974206349206 0.6241732804232805 0.2666170634920635 0.021494708994708994
0 0.34598214285714285 0.5993716931216931 0.18353174603174602 0.018187830687830687
0 0.27839781746031744 0.6390542328042328 0.21949404761904762 0.0248015873015873
0 0.12400793650793651 0.7423941798941799 0.24801587301587302 0.07936507936507936
2 0.2759176587301587 0.517526455026455 0.05084325396825397 0.023148148148148147
2 0.9718501984126984 0.8110119047619048 0.056299603174603176 0.07771164021164022
2 0.1984126984126984 0.5464616402116402 0.04092261904761905 0.016534391534391533
2 0.8159722222222222 0.5191798941798942 0.043402777777777776 0.01488095238095238
0 0.5202132936507936 0.49603174603174605 0.06696428571428571 0.026455026455026454
0 0.3819444444444444 0.5526620370370371 0.16245039682539683 0.07192460317460317
0 0.19624255952380953 0.6820436507936508 0.06510416666666667 0.03306878306878307
0 0.11749751984126984 0.8217592592592593 0.1134672619047619 0.0710978835978836