2 0.6078799249530957 0.49333333333333335 0.150093808630394 0.15333333333333332
2 0.5178236397748592 0.67 0.16885553470919323 0.09333333333333334
2 0.34803001876172607 0.9366666666666666 0.10694183864915573 0.12
2 0.8311444652908068 0.7533333333333333 0.1050656660412758 0.08666666666666667
2 0.6969981238273921 0.185 0.08818011257035648 0.11666666666666667
0 0.4959662288930582 0.42899999999999994 0.19414634146341464 0.35363333333333336
0 0.9156097560975609 0.5594333333333333 0.16878048780487803 0.5362333333333333
0 0.3715572232645403 0.6746333333333333 0.2047467166979362 0.6507333333333333
0 0.848311444652908 0.16883333333333334 0.3033771106941838 0.3232
0 0.1403001876172608 0.38333333333333336 0.28061913696060037 0.11739999999999999
0 0.22799249530956847 0.21449999999999997 0.45272045028142593 0.09276666666666666