1 0.7570217276099629 0.10676156583629894 0.11075781664016958 0.10960854092526691
1 0.6918388977212506 0.021352313167259787 0.04822469528351881 0.025622775800711744
2 0.8667196608373079 0.24483985765124555 0.10545839957604664 0.10818505338078292
1 0.10254372019077901 0.25480427046263343 0.06306306306306306 0.042704626334519574
1 0.9374668786433492 0.3704626334519573 0.10492845786963434 0.1288256227758007
0 0.39825119236883944 0.37224199288256227 0.06200317965023847 0.20640569395017794
1 0.972972972972973 0.5437722419928825 0.05405405405405406 0.11530249110320284
1 0.8722840487546369 0.5637010676156584 0.11128775834658187 0.13380782918149467
0 0.5193428722840487 0.5690391459074733 0.5310015898251192 0.12740213523131672
0 0.06306306306306306 0.5779359430604982 0.12612612612612611 0.028469750889679714
1 0.1685214626391097 0.601067615658363 0.14626391096979333 0.14163701067615658
1 0.3887122416534181 0.06832740213523132 0.7774244833068362 0.13665480427046264