0 0.33413461538461536 0.43990384615384615 0.3076923076923077 0.07211538461538461
2 0.8233173076923077 0.5528846153846154 0.27163461538461536 0.052884615384615384
2 0.7175480769230769 0.4519230769230769 0.20673076923076922 0.12980769230769232
2 0.5528846153846154 0.3137019230769231 0.12980769230769232 0.09375
2 0.5480769230769231 0.22716346153846154 0.08413461538461539 0.0673076923076923
2 0.5372596153846154 0.1935096153846154 0.08173076923076923 0.04807692307692308
2 0.5264423076923077 0.14423076923076922 0.038461538461538464 0.03365384615384615
2 0.7908653846153846 0.12259615384615384 0.038461538461538464 0.04326923076923077
0 0.2932692307692308 0.7896634615384616 0.028846153846153848 0.4206730769230769
0 0.4074519230769231 0.9326923076923077 0.16105769230769232 0.03365384615384615
0 0.13341346153846154 0.9603365384615384 0.2668269230769231 0.040865384615384616
1 0.6923076923076923 0.9519230769230769 0.07211538461538461 0.09615384615384616
2 0.6935096153846154 0.7764423076923077 0.0625 0.22355769230769232