0 0.1201923076923077 0.04927884615384615 0.2403846153846154 0.0985576923076923
2 0.8509615384615384 0.375 0.27403846153846156 0.0673076923076923
1 0.9483173076923077 0.15745192307692307 0.10336538461538461 0.1466346153846154
0 0.33413461538461536 0.8245192307692307 0.44711538461538464 0.35096153846153844
1 0.35096153846153844 0.4675480769230769 0.08173076923076923 0.06009615384615385
0 0.3401442307692308 0.5721153846153846 0.019230769230769232 0.12980769230769232
0 0.34375 0.4254807692307692 0.014423076923076924 0.03365384615384615
0 0.7848557692307693 0.8834134615384616 0.35336538461538464 0.23317307692307693
1 0.7548076923076923 0.5853365384615384 0.08173076923076923 0.06009615384615385
0 0.7439903846153846 0.6899038461538461 0.019230769230769232 0.12980769230769232
0 0.7475961538461539 0.484375 0.014423076923076924 0.15144230769230768